Application,Dimensions,Time,Accuracy,Memory,Threads
languages,10240,243.520480,0.975571,124348288,1
languages,10240,119.659191,0.975286,125298688,2
languages,10240,83.026126,0.975857,126453696,3
languages,10240,68.224365,0.975381,126539712,4
languages,10240,59.621885,0.975238,125974464,5
languages,10240,53.952928,0.975238,125794240,6
languages,10240,50.007504,0.975095,126277568,7
languages,10240,47.828385,0.975333,125933568,8
languages,10240,51.632379,0.975714,127928256,9
languages,10240,53.489516,0.975333,126851008,10
languages,10240,63.474179,0.975286,128116736,11
languages,10240,60.753277,0.975524,129177600,12
languages,10240,49.839150,0.975000,127801280,13
languages,10240,53.225934,0.976286,128718848,14
languages,10240,60.608806,0.975476,127670208,15
languages,10240,51.266276,0.976429,126711808,16
mnist,10240,112.960053,0.824200,291847360,1
mnist,10240,57.753243,0.824600,289430720,2
mnist,10240,69.100425,0.825400,287263872,3
mnist,10240,71.456940,0.824800,286686272,4
mnist,10240,62.687398,0.825500,284175488,5
mnist,10240,39.323938,0.828800,279821376,6
mnist,10240,55.684268,0.827900,279411840,7
mnist,10240,57.108720,0.827300,279825472,8
mnist,10240,66.510715,0.826300,277531712,9
mnist,10240,66.837952,0.826900,277666944,10
mnist,10240,68.099727,0.829600,274488448,11
mnist,10240,73.967766,0.823400,269523968,12
mnist,10240,66.833180,0.821700,270482432,13
mnist,10240,65.916406,0.827100,268807168,14
mnist,10240,38.150454,0.827800,266796032,15
mnist,10240,27.604187,0.827900,264887232,16