Application,Dimensions,Time,Accuracy,Memory,Threads
languages,10240,685.181335,0.975095,125484000,1
languages,10240,482.265438,0.975333,125080000,2
languages,10240,302.524227,0.974381,124716000,3
languages,10240,175.307283,0.975476,124220000,4
languages,10240,219.160231,0.975190,123868000,5
languages,10240,122.765188,0.974905,123448000,6
languages,10240,93.181123,0.976476,123044000,7
languages,10240,86.428551,0.975286,123172000,8
languages,10240,77.004734,0.975143,121868000,9
languages,10240,68.664783,0.975476,121384000,10
languages,10240,62.462843,0.976429,121144000,11
languages,10240,56.807001,0.975524,120712000,12
languages,10240,52.236780,0.976095,120692000,13
languages,10240,50.590241,0.976000,118648000,14
languages,10240,46.782920,0.975000,119652000,15
languages,10240,43.492168,0.973857,117280000,16
languages,10240,41.566209,0.976667,117436000,17
languages,10240,40.306862,0.975524,118432000,18
languages,10240,37.846956,0.976095,115236000,19
languages,10240,39.627198,0.975381,114832000,20
languages,10240,39.088489,0.976476,118836000,21
languages,10240,39.631448,0.974905,110976000,22
languages,10240,36.900827,0.975333,113444000,23
languages,10240,38.267698,0.975000,103724000,24
languages,10240,37.638747,0.974905,119172000,25
languages,10240,39.218588,0.976000,106188000,26
languages,10240,37.173315,0.975905,113448000,27
languages,10240,38.954622,0.976143,109908000,28
languages,10240,38.564814,0.976238,114244000,29
languages,10240,38.886892,0.975095,108272000,30
languages,10240,38.036684,0.975381,113604000,31
languages,10240,38.651880,0.974619,110520000,32
languages,10240,36.040404,0.975381,113108000,33
languages,10240,33.540021,0.974381,111272000,34
languages,10240,39.368438,0.974857,105796000,35
languages,10240,32.289597,0.975857,110792000,36
languages,10240,34.078221,0.975714,110936000,37
languages,10240,25.534918,0.975952,107696000,38
languages,10240,22.526472,0.975238,101232000,39
mnist,10240,429.489055,0.825800,260084000,1
mnist,10240,221.141844,0.826300,257856000,2
mnist,10240,168.240192,0.823700,256324000,3
mnist,10240,123.172166,0.827300,255396000,4
mnist,10240,91.485395,0.825800,251764000,5
mnist,10240,65.972873,0.825300,251836000,6
mnist,10240,72.571928,0.830600,246504000,7
mnist,10240,57.372877,0.824700,248492000,8
mnist,10240,50.258646,0.825200,244484000,9
mnist,10240,46.678556,0.827100,245884000,10
mnist,10240,41.415779,0.825100,239372000,11
mnist,10240,37.754746,0.827900,239476000,12
mnist,10240,31.539068,0.830100,239752000,13
mnist,10240,27.265424,0.829000,238948000,14
mnist,10240,27.560617,0.825000,230236000,15
mnist,10240,25.731429,0.826700,238004000,16
mnist,10240,23.433266,0.825200,226896000,17
mnist,10240,22.609019,0.830700,220504000,18
mnist,10240,21.018062,0.823300,220276000,19
mnist,10240,21.954032,0.825000,201960000,20
mnist,10240,18.831721,0.824900,209536000,21
mnist,10240,19.857901,0.828900,227856000,22
mnist,10240,17.463269,0.825900,222552000,23
mnist,10240,17.620015,0.825000,184160000,24
mnist,10240,17.965418,0.825600,216596000,25
mnist,10240,17.430826,0.828000,226484000,26
mnist,10240,17.111477,0.828500,183652000,27
mnist,10240,14.883614,0.825300,172328000,28
mnist,10240,14.657600,0.822900,183064000,29
mnist,10240,17.575841,0.823600,222912000,30
mnist,10240,15.509410,0.823800,195860000,31
mnist,10240,18.206396,0.827900,165236000,32
mnist,10240,14.708572,0.828400,190616000,33
mnist,10240,15.465369,0.828400,180792000,34
mnist,10240,15.300928,0.823600,167168000,35
mnist,10240,14.441815,0.825400,151944000,36
mnist,10240,13.065876,0.824600,149784000,37
mnist,10240,11.513913,0.823200,169968000,38
mnist,10240,9.902973,0.825200,170936000,39
