Application,Dimensions,Time,Accuracy,Memory,Threads
languages,10240,2135.564349,0.975048,125256000,1
languages,10240,1099.047292,0.974952,125128000,2
languages,10240,982.863153,0.975952,125196000,3
languages,10240,1366.208035,0.976048,125376000,4
languages,10240,1471.150931,0.976000,125376000,5
languages,10240,1369.505413,0.975095,125360000,6
languages,10240,1329.838093,0.975905,125520000,7
languages,10240,1334.474807,0.976905,125344000,8
languages,10240,1342.656306,0.976190,125528000,9
languages,10240,1474.017797,0.975905,125668000,10
languages,10240,1402.692957,0.974524,125956000,11
languages,10240,1402.058981,0.976143,125880000,12
languages,10240,1379.824457,0.975762,125972000,13
languages,10240,1434.052623,0.975095,125980000,14
languages,10240,1353.007730,0.975714,126252000,15
languages,10240,2189.987097,0.974762,125228000,1
languages,10240,1100.712664,0.975524,125128000,2
languages,10240,1070.156562,0.975333,125336000,3
languages,10240,1560.278403,0.974857,125304000,4
languages,10240,1326.767655,0.975667,125328000,5
languages,10240,1262.101889,0.975667,125312000,6
languages,10240,1560.862611,0.975381,125544000,7
languages,10240,1418.185010,0.975333,125632000,8
languages,10240,1430.596249,0.975905,125648000,9
languages,10240,1391.885263,0.976429,125780000,10
languages,10240,1351.062469,0.974952,125924000,11
languages,10240,1503.725087,0.975619,125744000,12
languages,10240,1441.940322,0.975190,126076000,13
languages,10240,1470.574440,0.976000,125944000,14
languages,10240,1434.578381,0.974571,126208000,15
mnist,10240,661.516817,0.825400,260356000,1
mnist,10240,598.104633,0.827300,260100000,2
mnist,10240,523.789358,0.825500,260024000,3
mnist,10240,602.466222,0.823200,260104000,4
mnist,10240,685.273908,0.824700,259928000,5
mnist,10240,696.654858,0.824600,259552000,6
mnist,10240,691.014946,0.824400,258820000,7
mnist,10240,677.490827,0.825200,258436000,8
mnist,10240,700.965201,0.828200,257896000,9
mnist,10240,703.745983,0.826000,257848000,10
mnist,10240,701.924844,0.826200,256992000,11
mnist,10240,675.064885,0.825900,256956000,12
mnist,10240,700.203069,0.827300,256332000,13
mnist,10240,706.648896,0.824500,256140000,14
mnist,10240,696.809658,0.826100,255676000,15
mnist,10240,660.650801,0.826200,260308000,1
mnist,10240,581.437734,0.827300,260272000,2
mnist,10240,550.368591,0.827600,259980000,3
mnist,10240,617.409088,0.826400,259984000,4
mnist,10240,673.082793,0.821900,259180000,5
mnist,10240,683.981637,0.824900,259172000,6
mnist,10240,698.831043,0.825300,258900000,7
mnist,10240,678.574826,0.825400,258600000,8
mnist,10240,699.334948,0.823600,258240000,9
mnist,10240,702.048700,0.829300,257912000,10
mnist,10240,695.965824,0.827500,257020000,11
mnist,10240,685.596030,0.827700,256920000,12
mnist,10240,715.708382,0.825300,256504000,13
mnist,10240,707.288344,0.825000,256388000,14
mnist,10240,696.261296,0.826900,255712000,15
