Application,Dimensions,Time,Accuracy,Memory,Threads
languages,10240,181.295576,0.976000,127360000,25
languages,10240,174.388283,0.975238,127360000,26
languages,10240,167.908942,0.974048,127488000,27
languages,10240,161.967937,0.975857,127552000,28
languages,10240,156.390458,0.975762,127552000,29
languages,10240,151.266203,0.976524,127616000,30
languages,10240,146.421522,0.975476,127680000,31
languages,10240,141.825253,0.974667,127808000,32
languages,10240,137.550579,0.976476,127808000,33
languages,10240,133.585717,0.975476,127808000,34
languages,10240,129.787256,0.974952,127872000,35
languages,10240,126.210617,0.975190,127936000,36
languages,10240,122.832921,0.974762,128000000,37
languages,10240,119.626628,0.975905,128064000,38
languages,10240,116.619720,0.974476,128128000,39
languages,10240,113.774763,0.976143,128192000,40
languages,10240,110.988247,0.975095,128192000,41
languages,10240,108.370544,0.976429,128256000,42
languages,10240,105.878927,0.976048,128320000,43
languages,10240,103.482579,0.974714,128384000,44
languages,10240,101.220447,0.973952,128448000,45
languages,10240,99.044122,0.975190,128512000,46
languages,10240,96.948514,0.974810,128576000,47
languages,10240,94.956914,0.975524,128640000,48
languages,10240,93.055290,0.976381,128640000,49
languages,10240,91.277207,0.975238,128704000,50
languages,10240,89.522513,0.976762,128768000,51
languages,10240,87.765442,0.974810,128832000,52
languages,10240,86.200087,0.975238,128896000,53
languages,10240,84.565067,0.976381,129024000,54
languages,10240,83.068168,0.975810,129024000,55
languages,10240,81.672543,0.975048,129088000,56
languages,10240,80.185282,0.975762,129088000,57
languages,10240,78.845170,0.975667,129216000,58
languages,10240,77.580444,0.975190,129216000,59
languages,10240,76.305325,0.976286,129344000,60
languages,10240,75.040269,0.976190,129344000,61
languages,10240,73.904172,0.974857,129472000,62
languages,10240,72.760173,0.975857,129472000,63
languages,10240,71.649345,0.975571,129536000,64
languages,10240,70.502105,0.975238,129600000,65
languages,10240,69.442814,0.975476,129664000,66
languages,10240,68.502505,0.974762,129792000,67
languages,10240,67.504477,0.975667,129792000,68
languages,10240,66.496187,0.974762,130048000,69
languages,10240,65.571549,0.975905,129856000,70
languages,10240,64.667338,0.976429,129920000,71
languages,10240,63.799306,0.975476,130048000,72
languages,10240,62.953517,0.975048,130112000,73
languages,10240,62.109578,0.976571,130112000,74
languages,10240,61.300690,0.975714,130240000,75
languages,10240,60.544083,0.975333,130240000,76
languages,10240,59.750925,0.974095,130304000,77
languages,10240,59.690886,0.975190,130368000,78
languages,10240,58.349351,0.974810,130432000,79
languages,10240,57.618979,0.975333,130496000,80
languages,10240,56.882275,0.975762,130624000,81
languages,10240,56.217934,0.975619,130752000,82
languages,10240,55.621061,0.975571,130688000,83
languages,10240,54.998876,0.975714,130752000,84
languages,10240,54.687621,0.975048,130880000,85
languages,10240,53.687446,0.974905,131008000,86
languages,10240,53.069694,0.975238,130880000,87
languages,10240,52.541221,0.975667,130944000,88
languages,10240,51.940623,0.975190,131008000,89
languages,10240,51.406807,0.974905,131072000,90
languages,10240,50.817842,0.974762,131904000,91
languages,10240,50.276173,0.975762,131136000,92
languages,10240,49.765743,0.975524,131520000,93
languages,10240,49.369210,0.975714,131264000,94
languages,10240,49.230913,0.975143,131392000,95
languages,10240,48.408149,0.975524,129728000,96
mnist,10240,191.753622,0.830000,255168000,25
mnist,10240,180.888954,0.826400,255232000,26
mnist,10240,175.299714,0.824600,254336000,27
mnist,10240,168.922782,0.826300,254080000,28
mnist,10240,163.481633,0.826700,253952000,29
mnist,10240,157.366054,0.823300,254144000,30
mnist,10240,153.856862,0.826900,253824000,31
mnist,10240,147.387825,0.828800,253504000,32
mnist,10240,144.829236,0.825900,252736000,33
mnist,10240,141.404578,0.826500,252800000,34
mnist,10240,136.459931,0.827200,251968000,35
mnist,10240,132.431330,0.825200,252160000,36
mnist,10240,129.811316,0.821100,252096000,37
mnist,10240,125.475909,0.826100,252288000,38
mnist,10240,122.641948,0.828200,251328000,39
mnist,10240,119.527122,0.821300,251456000,40
mnist,10240,116.617800,0.826400,250816000,41
mnist,10240,114.602214,0.822200,250688000,42
mnist,10240,112.707626,0.825400,249856000,43
mnist,10240,110.690801,0.825900,250240000,44
mnist,10240,108.020409,0.826900,249408000,45
mnist,10240,105.325241,0.827300,250688000,46
mnist,10240,103.436268,0.827100,250368000,47
mnist,10240,101.540409,0.826000,251392000,48
mnist,10240,99.532451,0.825500,248960000,49
mnist,10240,98.396686,0.824300,249984000,50
mnist,10240,95.793579,0.824700,248512000,51
mnist,10240,93.755098,0.825600,248448000,52
mnist,10240,92.408679,0.826800,246784000,53
mnist,10240,90.142664,0.822400,246912000,54
mnist,10240,88.452425,0.826900,246272000,55
mnist,10240,87.826376,0.828800,246656000,56
mnist,10240,85.266680,0.827300,247104000,57
mnist,10240,84.766750,0.824500,246976000,58
mnist,10240,83.762514,0.828500,245888000,59
mnist,10240,82.377961,0.826700,246336000,60
mnist,10240,81.135255,0.824800,245952000,61
mnist,10240,79.576050,0.825000,245120000,62
mnist,10240,78.404411,0.825000,244800000,63
mnist,10240,76.941593,0.823000,244544000,64
mnist,10240,75.298857,0.825800,243904000,65
mnist,10240,74.792387,0.827500,243840000,66
mnist,10240,74.018405,0.822000,243648000,67
mnist,10240,72.818507,0.830200,242752000,68
mnist,10240,71.010446,0.825300,242560000,69
mnist,10240,70.503158,0.825400,242304000,70
mnist,10240,69.155361,0.823800,242368000,71
mnist,10240,68.844635,0.825800,241280000,72
mnist,10240,67.608776,0.821900,241280000,73
mnist,10240,67.011991,0.824800,241216000,74
mnist,10240,65.785183,0.823500,240960000,75
mnist,10240,65.193578,0.821900,240384000,76
mnist,10240,65.130514,0.824800,240512000,77
mnist,10240,63.979539,0.823600,240384000,78
mnist,10240,62.679555,0.825600,238912000,79
mnist,10240,61.902634,0.823700,239360000,80
mnist,10240,61.036443,0.825600,238976000,81
mnist,10240,60.685382,0.828300,238784000,82
mnist,10240,60.276379,0.826400,238720000,83
mnist,10240,59.393370,0.824600,238528000,84
mnist,10240,59.060735,0.823800,238720000,85
mnist,10240,58.671496,0.824900,237824000,86
mnist,10240,57.035117,0.828500,236544000,87
mnist,10240,56.345490,0.819400,236800000,88
mnist,10240,55.959989,0.824600,236224000,89
mnist,10240,55.690650,0.824000,236608000,90
mnist,10240,55.668462,0.820700,236032000,91
mnist,10240,54.433806,0.824200,236160000,92
mnist,10240,54.347811,0.825400,235392000,93
mnist,10240,53.599147,0.828700,234944000,94
mnist,10240,53.153568,0.826200,234752000,95
mnist,10240,50.910437,0.825800,234816000,96
