Application,Dimensions,Time,Accuracy,Memory,Threads
mnist,10240,201.102528,0.825400,256960000,27
mnist,10240,194.222817,0.826800,256192000,28
mnist,10240,184.213554,0.823400,256832000,29
mnist,10240,179.887235,0.826000,255552000,30
mnist,10240,176.081551,0.823300,256256000,31
mnist,10240,169.491398,0.826500,255488000,32
mnist,10240,165.632581,0.826300,255360000,33
mnist,10240,162.281067,0.823900,256000000,34
mnist,10240,158.087204,0.827900,255104000,35
mnist,10240,152.502254,0.826900,254976000,36
mnist,10240,148.955672,0.824100,253888000,37
mnist,10240,145.551125,0.824900,254080000,38
mnist,10240,141.064185,0.826500,254080000,39
mnist,10240,138.233181,0.825600,254592000,40
mnist,10240,135.248392,0.828800,253184000,41
mnist,10240,132.374393,0.823700,252992000,42
mnist,10240,127.501150,0.823600,253440000,43
mnist,10240,126.268278,0.824300,252736000,44
mnist,10240,123.482745,0.823500,252416000,45
mnist,10240,121.308335,0.825000,253376000,46
mnist,10240,118.403023,0.820900,251776000,47
mnist,10240,117.431150,0.824100,251712000,48
mnist,10240,114.028777,0.822000,251712000,49
mnist,10240,110.780808,0.826200,252416000,50
mnist,10240,109.216946,0.823500,251008000,51
mnist,10240,106.780612,0.827300,251840000,52
mnist,10240,104.625290,0.824500,252160000,53
mnist,10240,101.745363,0.826100,250624000,54
mnist,10240,100.491964,0.824500,250432000,55
mnist,10240,99.956111,0.821600,251072000,56
mnist,10240,97.914443,0.827200,250880000,57
mnist,10240,95.572081,0.822800,250496000,58
mnist,10240,93.794812,0.824000,250048000,59
mnist,10240,92.068063,0.823700,249600000,60
mnist,10240,91.710063,0.824600,249344000,61
mnist,10240,90.620746,0.826300,249344000,62
mnist,10240,87.454876,0.824300,248768000,63
mnist,10240,88.288921,0.826500,248448000,64
mnist,10240,85.812539,0.828700,248320000,65
mnist,10240,84.112292,0.826000,248064000,66
mnist,10240,83.823841,0.823800,248064000,67
mnist,10240,82.973694,0.824400,247552000,68
mnist,10240,82.130072,0.827100,247872000,69
mnist,10240,79.972910,0.822300,247488000,70
mnist,10240,79.379949,0.823100,246656000,71
mnist,10240,79.038153,0.825500,246080000,72
mnist,10240,77.441952,0.824100,245824000,73
mnist,10240,76.514059,0.826800,245824000,74
mnist,10240,75.174660,0.825100,246016000,75
mnist,10240,74.589716,0.826400,245376000,76
mnist,10240,74.045937,0.823900,245888000,77
mnist,10240,73.099869,0.824400,245568000,78
mnist,10240,71.244469,0.820500,244352000,79
mnist,10240,70.756826,0.828500,244032000,80
mnist,10240,70.476089,0.825400,244544000,81
mnist,10240,69.569099,0.825800,244864000,82
mnist,10240,68.483040,0.824100,243712000,83
mnist,10240,68.236418,0.826000,244288000,84
mnist,10240,67.500968,0.822700,244032000,85
mnist,10240,67.428620,0.821500,243328000,86
mnist,10240,65.448910,0.825300,243072000,87
mnist,10240,65.017871,0.823000,243392000,88
mnist,10240,64.108602,0.826000,242816000,89
mnist,10240,63.711123,0.821800,243456000,90
mnist,10240,63.366012,0.824700,242432000,91
mnist,10240,62.103206,0.826400,242496000,92
mnist,10240,60.623794,0.825100,242752000,93
mnist,10240,61.167836,0.825700,241600000,94
mnist,10240,61.122591,0.824700,241792000,95
mnist,10240,59.294718,0.826200,235392000,96
