Application,Dimensions,Time,Accuracy,Memory,Threads
mnist,10240,7239.570990,0.825300,262592000,1
mnist,10240,2656.054931,0.829100,262336000,2
mnist,10240,1861.118184,0.827500,262016000,3
mnist,10240,1324.996620,0.829600,261824000,4
mnist,10240,1096.815200,0.823100,261504000,5
mnist,10240,876.844876,0.826200,261312000,6
mnist,10240,777.583463,0.825200,260992000,7
mnist,10240,658.961722,0.827600,260800000,8
mnist,10240,597.945411,0.828000,260544000,9
mnist,10240,538.437087,0.828000,260416000,10
mnist,10240,480.102179,0.823100,260288000,11
mnist,10240,447.733005,0.827500,259968000,12
mnist,10240,409.098497,0.827400,259776000,13
mnist,10240,384.641035,0.825200,259328000,14
mnist,10240,360.043323,0.824200,259392000,15
mnist,10240,337.507152,0.824400,258816000,16
mnist,10240,318.731409,0.825400,258560000,17
mnist,10240,299.976722,0.825500,258432000,18
mnist,10240,285.942860,0.826400,258112000,19
mnist,10240,270.859773,0.822400,258240000,20
mnist,10240,259.737597,0.825600,257856000,21
mnist,10240,245.299338,0.826100,257344000,22
mnist,10240,235.666981,0.826400,257088000,23
mnist,10240,225.299327,0.825000,257088000,24
mnist,10240,217.306871,0.829700,256768000,25
