Application,Dimensions,Time,Accuracy,Memory,Threads
languages,10240,4497.198664,0.975286,126016000,1
languages,10240,2258.538426,0.974524,126208000,2
languages,10240,1505.558081,0.975762,126080000,3
languages,10240,1128.780325,0.976000,126144000,4
languages,10240,902.938219,0.975762,126208000,5
languages,10240,752.092336,0.975286,126272000,6
languages,10240,645.463518,0.975619,126336000,7
languages,10240,564.749009,0.975333,126400000,8
languages,10240,501.921030,0.974810,126464000,9
languages,10240,451.693896,0.974143,126528000,10
languages,10240,410.849399,0.975810,126592000,11
languages,10240,376.794032,0.975095,126656000,12
languages,10240,347.645979,0.975667,126720000,13
languages,10240,322.842588,0.975476,126720000,14
languages,10240,301.580045,0.977048,126784000,15
languages,10240,282.727718,0.976571,126848000,16
languages,10240,266.054762,0.975095,126912000,17
languages,10240,251.306538,0.975524,126976000,18
languages,10240,238.174524,0.975905,127040000,19
languages,10240,226.327631,0.975857,127104000,20
languages,10240,215.575771,0.975238,127168000,21
languages,10240,205.870392,0.975905,127296000,22
languages,10240,196.894598,0.975143,127232000,23
languages,10240,188.764885,0.975095,127296000,24
languages,10240,181.352535,0.974571,127360000,25
