Application,Dimensions,Time,Accuracy,Memory
languages,64,50.102863073349,0.5075714285714286,12199000.0
languages,128,49.44886302947998,0.6964285714285714,12285000.0
languages,512,104.62793970108032,0.9137142857142857,12035000.0
languages,1024,119.7165641784668,0.947952380952381,12234000.0
languages,4096,310.4166979789734,0.9679523809523809,12305000.0
languages,10240,602.5510110855103,0.9731904761904762,12406000.0
emgp,64,0.20185375213623047,0.9620253164556962,306270000.0
emgpp,64,0.8104119300842285,0.9324324324324325,324941000.0
emgppp,64,0.18968892097473145,0.8896551724137931,380289000.0
emgpppp,64,0.17007112503051758,0.9090909090909091,372695000.0
emgppppp,64,0.13090205192565918,0.9108910891089109,274066000.0
emgp,128,0.3952748775482178,0.9873417721518988,304711000.0
emgpp,128,1.354330062866211,0.9256756756756757,286105000.0
emgppp,128,0.8316659927368164,0.9793103448275862,371199000.0
emgpppp,128,0.20252180099487305,0.9440559440559441,343930000.0
emgppppp,128,0.14556407928466797,0.9504950495049505,295336000.0
emgp,512,0.33954405784606934,1.0,385543000.0
emgpp,512,0.289395809173584,0.972972972972973,329434000.0
emgppp,512,0.33463573455810547,0.9862068965517241,324062000.0
emgpppp,512,0.38245201110839844,0.958041958041958,358754000.0
emgppppp,512,0.2571988105773926,0.9900990099009901,299988000.0
emgp,1024,0.5252270698547363,0.9873417721518988,358113000.0
emgpp,1024,0.48981690406799316,0.9864864864864865,393410000.0
emgppp,1024,0.461759090423584,1.0,340414000.0
emgpppp,1024,0.44066524505615234,0.986013986013986,365965000.0
emgppppp,1024,0.34085607528686523,0.9405940594059405,317961000.0
emgp,4096,1.5929009914398193,0.9936708860759493,467750000.0
emgpp,4096,1.446087121963501,0.9797297297297297,421004000.0
emgppp,4096,1.549544334411621,1.0,422230000.0
emgpppp,4096,1.3788011074066162,0.9790209790209791,409902000.0
emgppppp,4096,0.9753668308258057,0.9504950495049505,413422000.0
emgp,10240,3.6640491485595703,0.9810126582278481,568473000.0
emgpp,10240,3.567365884780884,0.9864864864864865,559875000.0
emgppp,10240,3.519932985305786,1.0,556008000.0
emgpppp,10240,3.3643429279327393,0.986013986013986,582344000.0
emgppppp,10240,2.4958438873291016,0.9801980198019802,533129000.0
voicehd,64,2.310946226119995,0.3970493972301483,328859000.0
voicehd,128,3.057600975036621,0.5522770881652832,342734000.0
voicehd,512,3.2539920806884766,0.764592707157135,333656000.0
voicehd,1024,5.53048300743103,0.820397675037384,379297000.0
voicehd,4096,18.69140887260437,0.8345093131065369,392961000.0
voicehd,10240,43.97596502304077,0.8531109690666199,417398000.0
mnist,64,25.81707000732422,0.459,314824000.0
mnist,128,28.21164107322693,0.593,317406000.0
mnist,512,31.75394082069397,0.724,336438000.0
mnist,1024,63.57661724090576,0.748,366445000.0
mnist,4096,226.15192484855652,0.789,370328000.0
mnist,10240,353.9606342315674,0.801,450750000.0
