Application,Dimensions,Time,Accuracy,Memory
languages,64,1.290446,0.626905,8975424
languages,128,1.337707,0.790619,10286272
languages,512,2.515831,0.939095,78861888
languages,1024,4.833937,0.960381,97646272
languages,4096,22.796448,0.972238,119351296
languages,10240,61.285978,0.975143,160614528
emgp,64,0.014987,0.962025,2352192
emgp,128,0.013815,0.962025,2307008
emgp,512,0.013347,0.981013,5104640
emgp,1024,0.021465,0.993671,8844288
emgp,4096,0.101019,0.993671,27980992
emgp,10240,0.332144,0.993671,82155136
emgpp,64,0.013705,0.945946,2155392
emgpp,128,0.015079,0.979730,2319296
emgpp,512,0.020154,0.986486,5235776
emgpp,1024,0.023777,0.986486,8574016
emgpp,4096,0.100320,0.993243,27583616
emgpp,10240,0.507660,0.993243,79697536
emgppp,64,0.016405,0.972414,2397184
emgppp,128,0.010912,0.910345,2282432
emgppp,512,0.011292,0.993103,5088256
emgppp,1024,0.022519,0.993103,8807424
emgppp,4096,0.097927,0.993103,27223232
emgppp,10240,0.314367,1.000000,78911104
emgpppp,64,0.012304,0.965035,2204608
emgpppp,128,0.014741,0.944056,2589696
emgpppp,512,0.015476,0.958042,5682176
emgpppp,1024,0.026679,0.951049,8958976
emgpppp,4096,0.094117,0.972028,27341952
emgpppp,10240,0.286189,0.972028,78182016
emgppppp,64,0.010215,0.920792,2151296
emgppppp,128,0.009118,0.851485,2323456
emgppppp,512,0.008672,0.930693,4695040
emgppppp,1024,0.013549,0.940594,7947264
emgppppp,4096,0.064725,0.970297,25089216
emgppppp,10240,0.198714,0.960396,68798016
mnist,64,1.451103,0.595400,3527680
mnist,128,1.444006,0.747300,4281344
mnist,512,1.189132,0.808500,9372672
mnist,1024,1.956329,0.819800,85067264
mnist,4096,8.533934,0.827000,212470208
mnist,10240,30.122643,0.825300,285162624
voicehd,64,0.225872,0.484285,2257920
voicehd,128,0.209684,0.661963,2823296
voicehd,512,0.194190,0.800513,3679232
voicehd,1024,0.214152,0.812059,6116352
voicehd,4096,1.121286,0.837716,28042432
voicehd,10240,3.353879,0.848621,50095552
