Application,Dimensions,Time,Accuracy,Memory
languages,64,7.128818,0.649429,11716000
languages,128,7.293608,0.825286,11788000
languages,512,7.909015,0.940190,15524000
languages,1024,6.005897,0.960571,29084000
languages,4096,14.051554,0.972905,123312000
languages,10240,41.049183,0.976429,204848000
emgp,64,0.075155,0.936709,2876000
emgp,128,0.042573,0.955696,3120000
emgp,512,0.056491,0.981013,5756000
emgp,1024,0.047977,0.987342,8980000
emgp,4096,0.095831,0.993671,28540000
emgp,10240,0.232356,0.993671,67600000
emgpp,64,0.053939,0.986486,2980000
emgpp,128,0.033717,0.952703,3052000
emgpp,512,0.046525,0.993243,5700000
emgpp,1024,0.044613,0.986486,8816000
emgpp,4096,0.096606,0.986486,27884000
emgpp,10240,0.218529,0.993243,66136000
emgppp,64,0.056375,0.972414,2964000
emgppp,128,0.035663,0.986207,3160000
emgppp,512,0.036749,0.979310,5724000
emgppp,1024,0.047138,1.000000,8824000
emgppp,4096,0.089015,0.993103,28024000
emgppp,10240,0.204730,0.993103,65696000
emgpppp,64,0.057220,0.825175,2860000
emgpppp,128,0.030589,0.860140,3128000
emgpppp,512,0.040566,0.972028,5700000
emgpppp,1024,0.047074,0.972028,8752000
emgpppp,4096,0.089863,0.965035,27680000
emgpppp,10240,0.210624,0.972028,65184000
emgppppp,64,0.054306,0.841584,2964000
emgppppp,128,0.020847,0.861386,3120000
emgppppp,512,0.028319,0.910891,5368000
emgppppp,1024,0.027057,0.910891,8228000
emgppppp,4096,0.064849,0.970297,25312000
emgppppp,10240,0.146545,0.940594,59588000
mnist,64,6.957879,0.663300,5208000
mnist,128,7.686568,0.716300,5744000
mnist,512,8.227099,0.798300,8368000
mnist,1024,8.267902,0.820900,12044000
mnist,4096,6.641714,0.823100,82788000
mnist,10240,20.183750,0.828300,202660000
voicehd,64,1.911094,0.555484,3116000
voicehd,128,1.670660,0.631815,3340000
voicehd,512,2.123193,0.806928,4368000
voicehd,1024,2.051754,0.813342,5924000
voicehd,4096,2.387887,0.842207,15100000
voicehd,10240,1.953563,0.848621,35088000
