Application,Dimensions,Time,Accuracy,Memory
emgp,64,0.036205,0.936709,2964000
emgp,128,0.030392,0.955696,3468000
emgp,512,0.036352,0.981013,5964000
emgp,1024,0.042724,0.987342,8948000
emgp,4096,0.114941,0.993671,28844000
emgp,10240,0.499051,0.993671,67856000
emgpp,64,0.035560,0.986486,2960000
emgpp,128,0.028891,0.952703,3436000
emgpp,512,0.036117,0.993243,5844000
emgpp,1024,0.043155,0.986486,8792000
emgpp,4096,0.107553,0.986486,27856000
emgpp,10240,0.445170,0.993243,66396000
emgppp,64,0.033488,0.972414,2952000
emgppp,128,0.027864,0.986207,3376000
emgppp,512,0.037582,0.979310,5856000
emgppp,1024,0.043605,1.000000,8720000
emgppp,4096,0.105499,0.993103,27936000
emgppp,10240,0.445052,0.993103,66048000
emgpppp,64,0.034015,0.825175,2968000
emgpppp,128,0.028185,0.860140,3484000
emgpppp,512,0.029787,0.972028,5848000
emgpppp,1024,0.041797,0.972028,8700000
emgpppp,4096,0.103493,0.965035,28044000
emgpppp,10240,0.416568,0.972028,65672000
emgppppp,64,0.025358,0.841584,2908000
emgppppp,128,0.019411,0.861386,3352000
emgppppp,512,0.023587,0.910891,5512000
emgppppp,1024,0.031213,0.910891,8136000
emgppppp,4096,0.076845,0.970297,25628000
emgppppp,10240,0.313502,0.940594,59492000
mnist,64,3.078552,0.663200,5360000
mnist,128,2.857912,0.716300,5888000
mnist,512,3.369857,0.798300,8580000
mnist,1024,3.611593,0.820800,12176000
mnist,4096,9.371145,0.823500,164336000
mnist,10240,31.319069,0.828600,234668000
voicehd,64,0.664815,0.555484,3048000
voicehd,128,0.641323,0.631815,3232000
voicehd,512,0.636414,0.806928,4472000
voicehd,1024,0.789721,0.813342,5856000
voicehd,4096,0.939558,0.841565,19424000
voicehd,10240,4.209831,0.848621,44840000
