Application,Dimensions,Time,Accuracy
emgp,64,0.103419,0.987342
emgp,128,0.030188,0.987342
emgp,512,0.037531,0.987342
emgp,1024,0.047993,0.987342
emgp,4096,0.128546,0.993671
emgp,10240,0.461868,0.987342
emgpp,64,0.097732,0.966216
emgpp,128,0.029031,0.966216
emgpp,512,0.029545,1.000000
emgpp,1024,0.042780,0.993243
emgpp,4096,0.122203,0.986486
emgpp,10240,0.439081,0.993243
emgppp,64,0.096398,0.986207
emgppp,128,0.027932,0.958621
emgppp,512,0.027949,1.000000
emgppp,1024,0.040800,1.000000
emgppp,4096,0.122417,1.000000
emgppp,10240,0.419243,0.993103
emgpppp,64,0.093762,0.944056
emgpppp,128,0.027449,0.930070
emgpppp,512,0.034383,0.972028
emgpppp,1024,0.041875,0.972028
emgpppp,4096,0.116270,0.972028
emgpppp,10240,0.438790,0.972028
emgppppp,64,0.070073,0.881188
emgppppp,128,0.019719,0.950495
emgppppp,512,0.021024,0.950495
emgppppp,1024,0.030953,0.970297
emgppppp,4096,0.082825,0.960396
emgppppp,10240,0.322499,0.950495
mnist,64,10.936473,0.587000
mnist,128,2.919355,0.726700
mnist,512,3.382280,0.817300
mnist,1024,3.673505,0.819200
mnist,4096,10.116909,0.828200
mnist,10240,35.142749,0.822700
voicehd,64,2.803068,0.473380
voicehd,128,0.639080,0.679282
voicehd,512,0.638552,0.821681
voicehd,1024,0.678273,0.831302
voicehd,4096,1.074425,0.849262
voicehd,10240,3.862507,0.848621
