Application,Dimensions,Time,Accuracy,Memory
emgp,64,0.061716,0.936709,2920000
emgp,128,0.081345,0.955696,3496000
emgp,512,0.091049,0.981013,5996000
emgp,1024,0.088973,0.987342,9004000
emgp,4096,0.142476,0.993671,28440000
emgp,10240,0.328724,0.993671,67280000
emgpp,64,0.061246,0.986486,2988000
emgpp,128,0.048063,0.952703,3484000
emgpp,512,0.075529,0.993243,5944000
emgpp,1024,0.081072,0.986486,8884000
emgpp,4096,0.148010,0.986486,28156000
emgpp,10240,0.282213,0.993243,66084000
emgppp,64,0.065519,0.972414,3020000
emgppp,128,0.061866,0.986207,3488000
emgppp,512,0.081175,0.979310,5912000
emgppp,1024,0.080639,1.000000,8732000
emgppp,4096,0.129128,0.993103,27908000
emgppp,10240,0.299696,0.993103,65768000
emgpppp,64,0.051359,0.825175,3024000
emgpppp,128,0.048058,0.860140,3340000
emgpppp,512,0.077489,0.972028,5844000
emgpppp,1024,0.092615,0.972028,8804000
emgpppp,4096,0.112497,0.965035,27524000
emgpppp,10240,0.280529,0.972028,65500000
emgppppp,64,0.045392,0.841584,2964000
emgppppp,128,0.042197,0.861386,3408000
emgppppp,512,0.038142,0.910891,5552000
emgppppp,1024,0.063455,0.910891,8276000
emgppppp,4096,0.097216,0.970297,25256000
emgppppp,10240,0.222714,0.940594,59340000
mnist,64,7.884137,0.663300,5508000
mnist,128,7.774155,0.716300,5928000
mnist,512,9.660959,0.798300,8676000
mnist,1024,8.750600,0.821000,12296000
mnist,4096,11.628329,0.823600,93216000
mnist,10240,30.131426,0.828700,219692000
voicehd,64,2.208762,0.555484,3128000
voicehd,128,2.122738,0.631815,3388000
voicehd,512,1.885934,0.806928,4472000
voicehd,1024,2.081632,0.813342,5868000
voicehd,4096,2.566268,0.842207,15208000
voicehd,10240,3.372109,0.847338,41012000
