Application,Dimensions,Time,Accuracy,Memory
emgp,64,0.6007823944091797,0.9683544303797469,270957000.0
emgpp,64,0.4122653007507324,0.8378378378378378,266293000.0
emgppp,64,0.746807336807251,0.9655172413793104,271773000.0
emgpppp,64,0.34416723251342773,0.916083916083916,269770000.0
emgppppp,64,0.4085812568664551,0.9306930693069307,268108999.99999997
emgp,128,0.5819423198699951,0.9810126582278481,271457000.0
emgpp,128,0.47705793380737305,0.8918918918918919,265452999.99999997
emgppp,128,0.727715253829956,0.9517241379310345,272273000.0
emgpppp,128,0.3391151428222656,0.972027972027972,269891000.0
emgppppp,128,0.5021276473999023,0.8712871287128713,267668000.0
emgp,512,0.6727559566497803,0.9936708860759493,276184000.0
emgpp,512,0.43821048736572266,0.9797297297297297,273195000.0
emgppp,512,0.940434455871582,1.0,271109000.0
emgpppp,512,0.39408349990844727,0.972027972027972,271602000.0
emgppppp,512,0.31769633293151855,0.9603960396039604,280266000.0
emgp,1024,0.531557559967041,0.9936708860759493,290277000.0
emgpp,1024,0.8244707584381104,0.9864864864864865,299582000.0
emgppp,1024,0.6581714153289795,1.0,288383000.0
emgpppp,1024,0.5102133750915527,0.965034965034965,290758000.0
emgppppp,1024,0.3985147476196289,0.9801980198019802,310770000.0
emgp,4096,7.627161264419556,0.9936708860759493,393648000.0
emgpp,4096,2.647967576980591,0.9932432432432432,363203000.0
emgppp,4096,4.659756422042847,0.993103448275862,350738000.0
emgpppp,4096,5.093385696411133,0.951048951048951,362961000.0
emgppppp,4096,3.541246175765991,0.9702970297029703,435375000.0
emgp,10240,18.047101497650146,1.0,384359000.0
emgpp,10240,16.214945316314697,0.9797297297297297,383898000.0
emgppp,10240,14.076239585876465,1.0,379734000.0
emgpppp,10240,18.74262762069702,0.986013986013986,382551000.0
emgppppp,10240,12.364115238189697,0.9603960396039604,380059000.0
voicehd,64,8.75341534614563,0.3175112307071686,370133000.0
voicehd,128,16.26658320426941,0.571520209312439,370598000.0
voicehd,512,13.697818994522095,0.742142379283905,370371000.0
voicehd,1024,16.79813289642334,0.8107761144638062,370527000.0
voicehd,4096,21.6616952419281,0.8396407961845398,401477000.0
voicehd,10240,61.18537187576294,0.8518280982971191,561402000.0
mnist,64,88.79380249977112,0.558,323062000.0
mnist,128,79.03427362442017,0.556,326281000.0
mnist,512,99.86974477767944,0.74,340527000.0
mnist,1024,104.0748119354248,0.752,349316000.0
mnist,4096,224.19551157951355,0.803,434098000.0
mnist,10240,1453.7595572471619,0.807,603562000.0
