Application,Dimensions,Time,Accuracy
emgp,64,0.040759,0.987342
emgp,128,0.042386,0.987342
emgp,512,0.048649,0.987342
emgp,1024,0.051655,0.987342
emgp,4096,0.176122,0.993671
emgp,10240,0.500209,0.993671
emgpp,64,0.041160,0.966216
emgpp,128,0.039247,0.966216
emgpp,512,0.038740,1.000000
emgpp,1024,0.049861,0.993243
emgpp,4096,0.128527,0.986486
emgpp,10240,0.428908,0.993243
emgppp,64,0.041301,0.986207
emgppp,128,0.034721,0.958621
emgppp,512,0.045446,1.000000
emgppp,1024,0.048777,1.000000
emgppp,4096,0.116371,1.000000
emgppp,10240,0.406230,0.993103
emgpppp,64,0.040406,0.944056
emgpppp,128,0.035360,0.930070
emgpppp,512,0.051613,0.972028
emgpppp,1024,0.044498,0.972028
emgpppp,4096,0.125038,0.972028
emgpppp,10240,0.539482,0.972028
emgppppp,64,0.023583,0.881188
emgppppp,128,0.023874,0.950495
emgppppp,512,0.025687,0.950495
emgppppp,1024,0.032513,0.970297
emgppppp,4096,0.092239,0.960396
emgppppp,10240,0.230524,0.950495
mnist,64,7.907732,0.586900
mnist,128,7.941297,0.726700
mnist,512,7.712862,0.817300
mnist,1024,7.734929,0.819200
mnist,4096,12.387504,0.827700
mnist,10240,32.166361,0.822400
voicehd,64,2.055649,0.473380
voicehd,128,2.190432,0.679282
voicehd,512,1.351171,0.822322
voicehd,1024,2.246760,0.831302
voicehd,4096,1.266454,0.850545
voicehd,10240,3.167475,0.850545
