Application,Dimensions,Time,Accuracy
emgp,64,0.041507,0.987342
emgp,128,0.033818,0.987342
emgp,512,0.044489,0.987342
emgp,1024,0.082623,0.987342
emgp,4096,0.122311,0.993671
emgp,10240,0.444381,0.993671
emgpp,64,0.034148,0.966216
emgpp,128,0.037287,0.966216
emgpp,512,0.041427,1.000000
emgpp,1024,0.064489,0.993243
emgpp,4096,0.112551,0.986486
emgpp,10240,0.268680,0.993243
emgppp,64,0.031171,0.986207
emgppp,128,0.036508,0.958621
emgppp,512,0.045970,1.000000
emgppp,1024,0.051633,1.000000
emgppp,4096,0.112666,1.000000
emgppp,10240,0.356204,0.993103
emgpppp,64,0.029688,0.944056
emgpppp,128,0.027748,0.930070
emgpppp,512,0.048579,0.972028
emgpppp,1024,0.048679,0.972028
emgpppp,4096,0.125408,0.972028
emgpppp,10240,0.405805,0.972028
emgppppp,64,0.019457,0.881188
emgppppp,128,0.020748,0.950495
emgppppp,512,0.025541,0.950495
emgppppp,1024,0.038793,0.970297
emgppppp,4096,0.079281,0.960396
emgppppp,10240,0.182336,0.950495
mnist,64,7.986533,0.586900
mnist,128,7.656128,0.726700
mnist,512,8.143794,0.817200
mnist,1024,9.029140,0.819200
mnist,4096,10.093711,0.828200
mnist,10240,29.507594,0.822100
voicehd,64,1.672634,0.473380
voicehd,128,2.018169,0.679282
voicehd,512,2.066790,0.822322
voicehd,1024,2.119664,0.831302
voicehd,4096,1.989825,0.850545
voicehd,10240,2.827786,0.849262
