Application,Dimensions,Time,Accuracy,Memory
emgp,64,0.49135303497314453,0.9683544303797469,268594000.0
emgpp,64,0.4383552074432373,0.9594594594594594,269422000.0
emgppp,64,0.4696617126464844,0.9517241379310345,268789000.0
emgpppp,64,0.42119407653808594,0.9090909090909091,262858999.99999997
emgppppp,64,0.2999114990234375,0.9108910891089109,266598000.0
emgp,128,0.49858832359313965,0.9746835443037974,268723000.0
emgpp,128,0.4815244674682617,0.9527027027027027,267964999.99999997
emgppp,128,0.4854459762573242,0.993103448275862,267964999.99999997
emgpppp,128,0.47362518310546875,0.951048951048951,269223000.0
emgppppp,128,0.3356807231903076,0.9603960396039604,259980000.00000003
emgp,512,0.6231784820556641,1.0,277414000.0
emgpp,512,0.5810704231262207,0.9324324324324325,270066000.0
emgppp,512,0.5172383785247803,0.9862068965517241,270047000.0
emgpppp,512,0.5550308227539062,0.986013986013986,270164000.0
emgppppp,512,0.4259762763977051,0.9801980198019802,274918000.0
emgp,1024,0.831488847732544,0.9683544303797469,296434000.0
emgpp,1024,0.8336851596832275,0.9459459459459459,287625000.0
emgppp,1024,0.9007523059844971,1.0,288270000.0
emgpppp,1024,0.8197529315948486,0.951048951048951,286918000.0
emgppppp,1024,0.636228084564209,0.9900990099009901,302695000.0
emgp,4096,4.128656625747681,0.9810126582278481,378020000.0
emgpp,4096,3.916792869567871,0.9594594594594594,360664000.0
emgppp,4096,3.4283223152160645,1.0,392727000.0
emgpppp,4096,4.099235773086548,0.951048951048951,391949000.0
emgppppp,4096,2.5818443298339844,0.9801980198019802,370859000.0
emgp,10240,10.734764814376831,1.0,383691000.0
emgpp,10240,10.196542978286743,0.9864864864864865,385746000.0
emgppp,10240,10.476791858673096,1.0,386973000.0
emgpppp,10240,9.448218822479248,0.965034965034965,382586000.0
emgppppp,10240,6.924762487411499,0.9702970297029703,380625000.0
voicehd,64,7.685495853424072,0.33867862820625305,370484000.0
voicehd,128,7.768489837646484,0.511866569519043,370473000.0
voicehd,512,8.398734331130981,0.7613855004310608,370301000.0
voicehd,1024,9.77476453781128,0.8178319334983826,370453000.0
voicehd,4096,23.910176277160645,0.8486208915710449,381594000.0
voicehd,10240,58.61479687690735,0.8524695038795471,540262000.0
mnist,64,51.49972057342529,0.427,323352000.0
mnist,128,52.77119302749634,0.549,326145000.0
mnist,512,59.4662082195282,0.705,337320000.0
mnist,1024,71.43656587600708,0.75,348164000.0
mnist,4096,236.81838369369507,0.793,436508000.0
mnist,10240,772.4333000183105,0.799,665703000.0
