Application,Dimensions,Time,Accuracy
voicehd,64,8.147882461547852,0.3899935781955719
voicehd,128,7.793587923049927,0.5407312512397766
voicehd,512,8.288498878479004,0.7594611644744873
voicehd,1024,9.592581033706665,0.7992302775382996
voicehd,4096,23.606027603149414,0.8415651321411133
voicehd,10240,58.13202261924744,0.8447722792625427
emgp,64,0.48462963104248047,0.9367088607594937
emgpp,64,0.4380528926849365,0.9391891891891891
emgppp,64,0.436326265335083,1.0
emgpppp,64,0.44213104248046875,0.8741258741258742
emgppppp,64,0.30361437797546387,0.9108910891089109
emgp,128,0.4965071678161621,0.9873417721518988
emgpp,128,0.4704427719116211,0.9459459459459459
emgppp,128,0.5110383033752441,0.9862068965517241
emgpppp,128,0.4397392272949219,0.951048951048951
emgppppp,128,0.31554365158081055,0.8811881188118812
emgp,512,0.5939784049987793,1.0
emgpp,512,0.5612442493438721,0.9662162162162162
emgppp,512,0.5475931167602539,0.9862068965517241
emgpppp,512,0.5329830646514893,0.972027972027972
emgppppp,512,0.3825714588165283,0.9603960396039604
emgp,1024,0.9481017589569092,0.9936708860759493
emgpp,1024,0.8018255233764648,0.9864864864864865
emgppp,1024,0.7355577945709229,0.993103448275862
emgpppp,1024,0.7600104808807373,0.9790209790209791
emgppppp,1024,0.5017955303192139,0.9603960396039604
emgp,4096,3.4226856231689453,0.9810126582278481
emgpp,4096,3.076211929321289,0.9662162162162162
emgppp,4096,2.958322286605835,0.993103448275862
emgpppp,4096,2.946547269821167,0.972027972027972
emgppppp,4096,2.0809593200683594,0.9801980198019802
emgp,10240,12.520299434661865,0.9936708860759493
emgpp,10240,11.370136260986328,0.9594594594594594
emgppp,10240,11.389635562896729,1.0
emgpppp,10240,11.25401520729065,0.958041958041958
emgppppp,10240,7.992417335510254,0.9801980198019802
mnist,64,50.909724712371826,0.466
mnist,128,50.71385073661804,0.516
mnist,512,59.3486270904541,0.688
mnist,1024,72.08148336410522,0.757
mnist,4096,227.58760976791382,0.797
mnist,10240,810.4054210186005,0.798
