Application,Dimensions,Time,Accuracy
voicehd,64,8.420775413513184,0.35728031396865845
voicehd,128,9.830936193466187,0.5580500364303589
voicehd,512,9.308781862258911,0.7690827250480652
voicehd,1024,11.098212957382202,0.7921744585037231
voicehd,4096,13.354109764099121,0.8402822613716125
voicehd,10240,35.110036849975586,0.8511866331100464
emgp,64,0.36510205268859863,0.9746835443037974
emgpp,64,0.8396742343902588,0.8918918918918919
emgppp,64,0.3855297565460205,0.9724137931034482
emgpppp,64,0.31084275245666504,0.8531468531468531
emgppppp,64,0.2266526222229004,0.9108910891089109
emgp,128,0.4291951656341553,0.9810126582278481
emgpp,128,0.540550947189331,0.9391891891891891
emgppp,128,0.3806140422821045,0.993103448275862
emgpppp,128,0.38549089431762695,0.965034965034965
emgppppp,128,0.27370524406433105,0.9108910891089109
emgp,512,0.7883753776550293,0.9746835443037974
emgpp,512,0.31619715690612793,0.9594594594594594
emgppp,512,0.33358097076416016,0.993103448275862
emgpppp,512,0.5026891231536865,0.972027972027972
emgppppp,512,0.3390660285949707,0.9801980198019802
emgp,1024,1.5016989707946777,1.0
emgpp,1024,1.2392528057098389,0.9594594594594594
emgppp,1024,0.4430570602416992,0.993103448275862
emgpppp,1024,0.5426228046417236,0.972027972027972
emgppppp,1024,0.7380034923553467,0.9504950495049505
emgp,4096,3.126657009124756,0.9936708860759493
emgpp,4096,2.3020429611206055,0.972972972972973
emgppp,4096,1.7604899406433105,1.0
emgpppp,4096,1.7283070087432861,0.9790209790209791
emgppppp,4096,1.33538818359375,0.9900990099009901
emgp,10240,24.59092402458191,0.9873417721518988
emgpp,10240,22.184014320373535,0.9662162162162162
emgppp,10240,21.551121711730957,1.0
emgpppp,10240,22.515058040618896,0.9790209790209791
emgppppp,10240,16.347466707229614,0.9900990099009901
mnist,64,58.11764931678772,0.42
mnist,128,68.08787751197815,0.52
mnist,512,70.1249213218689,0.729
mnist,1024,77.93954491615295,0.765
mnist,4096,145.41396379470825,0.786
mnist,10240,1054.4853084087372,0.813
