Application,Dimensions,Time,Accuracy,Memory
language recognition,64,231.2208514213562,0.5117142857142857,337621000.0
language recognition,128,194.2361810207367,0.693047619047619,338199000.0
language recognition,512,288.32589864730835,0.9196666666666666,340691000.0
language recognition,1024,345.6831018924713,0.9494285714285714,344754000.0
language recognition,4096,376.34317541122437,0.9701904761904762,362195000.0
language recognition,10240,701.8244426250458,0.9739523809523809,406020000.0
emgp,64,0.7861907482147217,0.9810126582278481,267832000.0
emgpp,64,0.3139152526855469,0.8851351351351351,268406000.0
emgppp,64,0.7361397743225098,0.9310344827586207,267320000.0
emgpppp,64,0.7362532615661621,0.9370629370629371,269191000.0
emgppppp,64,0.24022769927978516,0.9306930693069307,266738000.0
emgp,128,0.7058348655700684,1.0,268242000.00000003
emgpp,128,0.31524157524108887,0.8513513513513513,268418000.0
emgppp,128,0.7500722408294678,0.9724137931034482,273316000.0
emgpppp,128,0.5772154331207275,0.951048951048951,262004000.00000003
emgppppp,128,0.425290584564209,0.9306930693069307,267547000.00000003
emgp,512,0.8838655948638916,0.9810126582278481,275695000.0
emgpp,512,0.7920279502868652,0.9797297297297297,275133000.0
emgppp,512,0.6406042575836182,1.0,272008000.0
emgpppp,512,0.7209022045135498,0.986013986013986,269566000.0
emgppppp,512,0.26079726219177246,0.9801980198019802,270371000.0
emgp,1024,1.0151867866516113,0.9936708860759493,297641000.0
emgpp,1024,0.9905054569244385,0.9527027027027027,284676000.0
emgppp,1024,0.7444026470184326,0.993103448275862,328016000.0
emgpppp,1024,0.7080345153808594,0.965034965034965,283422000.0
emgppppp,1024,0.5287430286407471,0.9702970297029703,283668000.0
emgp,4096,4.828058481216431,0.9936708860759493,375914000.0
emgpp,4096,2.3974990844726562,0.9459459459459459,424371000.0
emgppp,4096,4.708776235580444,0.993103448275862,409996000.0
emgpppp,4096,2.8722081184387207,0.965034965034965,377438000.0
emgppppp,4096,1.5750455856323242,0.9801980198019802,386539000.0
emgp,10240,18.649312496185303,0.9936708860759493,382086000.0
emgpp,10240,15.49761700630188,0.9527027027027027,381102000.0
emgppp,10240,16.208701610565186,1.0,387590000.0
emgpppp,10240,16.353758096694946,0.9790209790209791,387270000.0
emgppppp,10240,10.341164588928223,0.9801980198019802,380242000.0
voicehd,64,9.761860132217407,0.4425913989543915,370781000.0
voicehd,128,11.53305959701538,0.5708787441253662,370691000.0
voicehd,512,11.617832899093628,0.7793457508087158,371113000.0
voicehd,1024,13.16418719291687,0.8024374842643738,371312000.0
voicehd,4096,16.102877140045166,0.842848002910614,420914000.0
voicehd,10240,47.294726848602295,0.8505452275276184,538738000.0
mnist,64,65.49255800247192,0.447,323133000.0
mnist,128,60.938663482666016,0.564,325125000.0
mnist,512,91.87539911270142,0.724,337660000.0
mnist,1024,79.19749593734741,0.771,354148000.0
mnist,4096,158.9998300075531,0.804,434766000.0
mnist,10240,1073.7831225395203,0.811,575734000.0
