Application,Dimensions,Time,Accuracy,Memory
languages,64,4.142882,0.649190,10772000
languages,128,4.340876,0.825286,10376000
languages,512,6.648158,0.940095,49016000
languages,1024,13.878933,0.960619,93052000
languages,4096,55.457247,0.972952,125028000
languages,10240,154.587768,0.976429,143540000
emgp,64,0.047789,0.936709,2684000
emgp,128,0.050933,0.955696,2716000
emgp,512,0.046190,0.981013,5384000
emgp,1024,0.075685,0.987342,9320000
emgp,4096,0.381718,0.993671,28924000
emgp,10240,1.258432,0.993671,66940000
emgpp,64,0.048451,0.986486,2656000
emgpp,128,0.047771,0.952703,2740000
emgpp,512,0.043399,0.993243,5424000
emgpp,1024,0.069869,0.986486,8820000
emgpp,4096,0.375794,0.986486,28368000
emgpp,10240,1.192756,0.993243,65616000
emgppp,64,0.041289,0.979310,2648000
emgppp,128,0.045464,0.986207,2832000
emgppp,512,0.042177,0.979310,5408000
emgppp,1024,0.068765,1.000000,8784000
emgppp,4096,0.377801,0.993103,28080000
emgppp,10240,1.162405,0.993103,65132000
emgpppp,64,0.047292,0.825175,2612000
emgpppp,128,0.046104,0.860140,2728000
emgpppp,512,0.041322,0.972028,5344000
emgpppp,1024,0.068149,0.972028,8800000
emgpppp,4096,0.352520,0.965035,27992000
emgpppp,10240,1.113595,0.972028,64896000
emgppppp,64,0.034190,0.841584,2508000
emgppppp,128,0.032533,0.861386,2708000
emgppppp,512,0.029313,0.910891,4928000
emgppppp,1024,0.051816,0.910891,7984000
emgppppp,4096,0.272448,0.970297,25348000
emgppppp,10240,0.781851,0.940594,58676000
mnist,64,4.049080,0.663300,4720000
mnist,128,4.714977,0.716400,5344000
mnist,512,4.698041,0.798300,7972000
mnist,1024,6.452472,0.820800,81120000
mnist,4096,32.435460,0.823100,202692000
mnist,10240,107.925008,0.828800,256524000
voicehd,64,0.814038,0.555484,2672000
voicehd,128,0.764685,0.631815,2788000
voicehd,512,0.936902,0.806928,4032000
voicehd,1024,0.942817,0.812700,5464000
voicehd,4096,4.049705,0.842848,25952000
voicehd,10240,15.255328,0.846697,46716000
