Application,Dimensions,Time,Accuracy,Memory
languages,64,108.28099966049194,0.5103333333333333,349438000.0
languages,128,113.36841106414795,0.705,347422000.0
languages,512,146.92192006111145,0.9064761904761904,351168000.0
languages,1024,232.81366109848022,0.9459047619047619,351789000.0
languages,4096,868.6140990257263,0.9693809523809523,371863000.0
languages,10240,2217.876750946045,0.9734285714285714,404840000.0
emgp,64,0.2742452621459961,0.9240506329113924,300539000.0
emgpp,64,0.26300811767578125,0.8783783783783784,299941000.0
emgppp,64,0.2574288845062256,0.9655172413793104,296035000.0
emgpppp,64,0.2550792694091797,0.8671328671328671,300344000.0
emgppppp,64,0.1780836582183838,0.9801980198019802,301785000.0
emgp,128,0.34848690032958984,0.9873417721518988,302703000.0
emgpp,128,0.3195185661315918,0.918918918918919,303824000.0
emgppp,128,0.31833481788635254,0.9448275862068966,303375000.0
emgpppp,128,0.3115851879119873,0.916083916083916,302137000.0
emgppppp,128,0.22753524780273438,0.9900990099009901,290613000.0
emgp,512,0.9534213542938232,0.9683544303797469,307770000.0
emgpp,512,0.8870334625244141,0.918918918918919,309184000.0
emgppp,512,0.8665308952331543,1.0,314859000.0
emgpppp,512,0.8628890514373779,0.972027972027972,306191000.0
emgppppp,512,0.6031641960144043,0.9603960396039604,319816000.0
emgp,1024,1.6391525268554688,1.0,311293000.0
emgpp,1024,1.5483179092407227,0.9864864864864865,337281000.0
emgppp,1024,1.5083415508270264,1.0,325715000.0
emgpppp,1024,1.512915849685669,0.986013986013986,319219000.0
emgppppp,1024,1.0506806373596191,0.9504950495049505,323547000.0
emgp,4096,7.320860147476196,0.9746835443037974,438855000.0
emgpp,4096,7.2648890018463135,0.9797297297297297,438020000.0
emgppp,4096,6.538018703460693,1.0,422148000.0
emgpppp,4096,6.0282440185546875,0.972027972027972,406754000.0
emgppppp,4096,3.8873648643493652,0.9801980198019802,387699000.0
emgp,10240,18.608261585235596,0.9810126582278481,412367000.0
emgpp,10240,17.495209455490112,0.9459459459459459,416848000.0
emgppp,10240,17.053690433502197,0.993103448275862,416922000.0
emgpppp,10240,16.83787727355957,0.972027972027972,412414000.0
emgppppp,10240,11.868980407714844,0.9702970297029703,413949000.0
voicehd,64,3.728440761566162,0.35920462012290955,376016000.0
voicehd,128,4.221705913543701,0.5516356825828552,374434000.0
voicehd,512,8.83743691444397,0.7671584486961365,374398000.0
voicehd,1024,15.800394296646118,0.8005131483078003,373668000.0
voicehd,4096,49.87603735923767,0.8409236669540405,443383000.0
voicehd,10240,125.87143921852112,0.8550353050231934,523352000.0
mnist,64,36.289918422698975,0.364,357078000.0
mnist,128,40.99107098579407,0.596,350586000.0
mnist,512,88.66176319122314,0.721,366828000.0
mnist,1024,157.53507351875305,0.768,379574000.0
mnist,4096,472.7666230201721,0.801,478051000.0
mnist,10240,1270.0040447711945,0.799,634609000.0
