Application,Dimensions,Time,Accuracy,Memory
emgp,64,1.117614,0.930380,1828000
emgp,128,1.722163,0.943038,2076000
emgp,512,5.904041,0.981013,4488000
emgp,1024,12.680458,0.987342,7620000
emgp,4096,71.254312,0.993671,26588000
emgp,10240,179.379156,0.993671,64644000
emgpp,64,1.052601,0.959459,1708000
emgpp,128,1.621890,0.966216,2040000
emgpp,512,5.581138,0.993243,4412000
emgpp,1024,11.483682,0.986486,7508000
emgpp,4096,66.943128,0.986486,26264000
emgpp,10240,167.678614,0.993243,63212000
emgppp,64,1.030044,0.972414,1664000
emgppp,128,1.583316,0.986207,2052000
emgppp,512,5.410909,0.979310,4424000
emgppp,1024,11.240904,1.000000,7476000
emgppp,4096,65.599317,0.993103,25952000
emgppp,10240,165.677602,0.993103,62844000
emgpppp,64,1.019523,0.748252,1684000
emgpppp,128,1.565059,0.818182,2200000
emgpppp,512,5.356877,0.972028,4412000
emgpppp,1024,11.209675,0.972028,7440000
emgpppp,4096,65.106804,0.965035,25920000
emgpppp,10240,163.162353,0.972028,62544000
emgppppp,64,0.710855,0.811881,1692000
emgppppp,128,1.101312,0.831683,1992000
emgppppp,512,3.769171,0.910891,4052000
emgppppp,1024,10.688740,0.910891,6888000
emgppppp,4096,45.830804,0.970297,23732000
emgppppp,10240,115.092975,0.940594,56952000
voicehd,64,14.552958,0.555484,1940000
voicehd,128,19.988442,0.631815,2112000
voicehd,512,62.963106,0.806928,3256000
voicehd,1024,123.760238,0.813342,4692000
voicehd,4096,663.141009,0.842207,13564000
voicehd,10240,1651.059441,0.847979,31656000
mnist,64,106.504895,0.663300,4116000
mnist,128,172.172657,0.716300,4540000
mnist,512,587.114182,0.798300,7188000
mnist,1024,1212.427733,0.820900,10924000
mnist,4096,7325.654783,0.823600,32360000
mnist,10240,18937.705874,0.828500,75608000
languages,64,266.486186,0.651286,9536000
languages,128,513.839685,0.825143,9164000
languages,512,2103.842568,0.940143,8936000
languages,1024,4814.367847,0.961714,8852000
languages,4096,23623.339582,0.973143,9688000
languages,10240,59085.253690,0.976381,11092000
