Application,Dimensions,Time,Accuracy,Memory
emgp,64,0.319532,0.949367,1888000
emgp,128,0.345512,0.962025,2540000
emgp,512,0.872246,0.981013,5240000
emgp,1024,2.174231,0.981013,8888000
emgp,4096,18.518492,0.981013,28072000
emgp,10240,56.437026,0.993671,66616000
emgpp,64,0.284767,0.952703,1808000
emgpp,128,0.323838,0.952703,2600000
emgpp,512,0.874417,0.986486,4936000
emgpp,1024,3.729382,0.993243,9160000
emgpp,4096,17.653840,0.993243,27652000
emgpp,10240,54.586668,0.993243,64996000
emgppp,64,0.239918,0.882759,1868000
emgppp,128,0.287864,0.979310,2508000
emgppp,512,0.661444,0.993103,5112000
emgppp,1024,1.758950,0.993103,7972000
emgppp,4096,9.026545,0.993103,27456000
emgppp,10240,25.237199,0.993103,64776000
emgpppp,64,0.300668,0.930070,2172000
emgpppp,128,0.323796,0.972028,2620000
emgpppp,512,0.875974,0.972028,5340000
emgpppp,1024,2.002507,0.965035,8744000
emgpppp,4096,9.382162,0.965035,27360000
emgpppp,10240,24.976447,0.972028,64284000
emgppppp,64,0.172230,0.851485,1796000
emgppppp,128,0.287080,0.871287,2456000
emgppppp,512,0.662345,0.970297,5012000
emgppppp,1024,1.633508,0.970297,7696000
emgppppp,4096,8.226497,0.950495,24616000
emgppppp,10240,23.641175,0.960396,58268000
voicehd,64,4.475229,0.564464,2220000
voicehd,128,4.856139,0.646568,2300000
voicehd,512,8.378503,0.795382,3420000
voicehd,1024,17.218799,0.812700,11512000
voicehd,4096,96.461584,0.846697,27868000
voicehd,10240,283.406676,0.855035,46892000
languages,64,28.295112,0.634429,10212000
languages,128,47.224532,0.795143,49100000
languages,512,182.261226,0.943571,106040000
languages,1024,409.911391,0.960429,115356000
languages,4096,1715.075747,0.972524,122568000
languages,10240,4747.507662,0.974952,125976000
mnist,64,25.988558,0.589000,4240000
mnist,128,29.286527,0.755600,4768000
mnist,512,59.026672,0.808700,50040000
mnist,1024,167.429138,0.823400,149276000
mnist,4096,934.716768,0.826800,211136000
mnist,10240,2671.793783,0.829600,259176000
