Application,Dimensions,Time,Accuracy,Memory
languages,64,28.366408,0.648810,10276000
languages,128,47.074536,0.798714,49212000
languages,512,182.161695,0.942143,106596000
languages,1024,378.007834,0.962952,113840000
languages,4096,1715.250646,0.973095,122680000
languages,10240,4784.761192,0.975476,125840000
emgp,64,0.283265,0.981013,1836000
emgp,128,0.321722,0.993671,2364000
emgp,512,0.715826,0.981013,5584000
emgp,1024,1.879712,0.974684,8660000
emgp,4096,9.748019,0.981013,28388000
emgp,10240,27.475328,0.987342,66460000
emgpp,64,0.236929,0.912162,1840000
emgpp,128,0.260204,0.979730,2464000
emgpp,512,0.655976,0.993243,4952000
emgpp,1024,1.775878,0.986486,8636000
emgpp,4096,9.164537,0.993243,27764000
emgpp,10240,25.442787,0.986486,65056000
emgppp,64,0.231187,0.979310,1904000
emgppp,128,0.263629,0.979310,2416000
emgppp,512,0.645105,0.979310,5028000
emgppp,1024,1.713620,1.000000,8860000
emgppp,4096,8.840214,0.993103,27500000
emgppp,10240,24.901072,1.000000,64620000
emgpppp,64,0.266589,0.832168,1968000
emgpppp,128,0.248588,0.944056,2468000
emgpppp,512,0.648609,0.972028,4920000
emgpppp,1024,1.725141,0.965035,8712000
emgpppp,4096,8.776285,0.965035,27396000
emgpppp,10240,24.637134,0.972028,64316000
emgppppp,64,0.163743,0.861386,1836000
emgppppp,128,0.195225,0.881188,2392000
emgppppp,512,0.446125,0.871287,4832000
emgppppp,1024,1.213939,0.950495,7948000
emgppppp,4096,6.202988,0.950495,24860000
emgppppp,10240,17.265263,0.960396,58504000
mnist,64,23.275792,0.626500,4208000
mnist,128,28.727663,0.706800,4660000
mnist,512,59.305011,0.802100,59124000
mnist,1024,167.441256,0.816300,151984000
mnist,4096,941.342249,0.824800,211572000
mnist,10240,2638.276304,0.823700,259464000
voicehd,64,4.622512,0.548428,2064000
voicehd,128,4.970148,0.685696,2300000
voicehd,512,8.208199,0.791533,3348000
voicehd,1024,17.189876,0.830661,11044000
voicehd,4096,97.501734,0.844772,27752000
voicehd,10240,285.465052,0.846055,46764000
