Application,Dimensions,Time,Accuracy,Memory
languages,64,6.354092,0.650571,11160000
languages,128,7.209842,0.803000,10576000
languages,512,8.185131,0.938143,10476000
languages,1024,6.163462,0.959238,19388000
languages,4096,20.563781,0.973667,108896000
languages,10240,61.071367,0.975952,122368000
languages,64,6.687605,0.630667,11060000
languages,128,7.415721,0.797048,10672000
languages,512,7.732867,0.937000,10468000
languages,1024,4.779630,0.959143,20108000
languages,4096,23.788037,0.972857,93716000
languages,10240,56.855033,0.975762,119768000
languages,64,6.213147,0.633714,11052000
languages,128,7.197637,0.796333,10632000
languages,512,8.139878,0.935524,10404000
languages,1024,4.648486,0.960762,23816000
languages,4096,19.760404,0.973810,99952000
languages,10240,52.937336,0.974381,113020000
languages,64,6.740436,0.633667,11124000
languages,128,7.250057,0.790238,10636000
languages,512,8.115294,0.940048,10552000
languages,1024,4.838461,0.957905,22048000
languages,4096,24.880346,0.973714,80656000
languages,10240,62.530540,0.974571,112724000
languages,64,6.750352,0.647905,11168000
languages,128,7.564706,0.801905,10640000
languages,512,8.350380,0.936762,10432000
languages,1024,4.180740,0.961952,45836000
languages,4096,21.077381,0.973048,85036000
languages,10240,56.922235,0.975095,115560000
emgp,64,0.036997,0.898734,2892000
emgp,128,0.033037,0.981013,3496000
emgp,512,0.038564,0.974684,5844000
emgp,1024,0.047768,0.981013,8916000
emgp,4096,0.084893,0.993671,28364000
emgp,10240,0.231749,0.993671,67444000
emgp,64,0.036909,0.974684,2940000
emgp,128,0.034358,0.962025,3472000
emgp,512,0.042168,0.987342,5852000
emgp,1024,0.042840,0.993671,8976000
emgp,4096,0.100278,0.993671,28392000
emgp,10240,0.234437,0.987342,67644000
emgp,64,0.036501,0.962025,2884000
emgp,128,0.034558,0.968354,3472000
emgp,512,0.041338,0.987342,5800000
emgp,1024,0.053242,0.993671,8980000
emgp,4096,0.094507,0.987342,28464000
emgp,10240,0.202597,0.993671,67504000
emgp,64,0.033502,0.981013,3000000
emgp,128,0.032294,0.987342,3528000
emgp,512,0.042299,0.987342,5732000
emgp,1024,0.048030,0.993671,9028000
emgp,4096,0.093954,0.993671,28524000
emgp,10240,0.226246,0.993671,67584000
emgp,64,0.031852,0.955696,2888000
emgp,128,0.039848,0.987342,3428000
emgp,512,0.035205,0.987342,5908000
emgp,1024,0.047554,0.993671,8992000
emgp,4096,0.087995,0.993671,28652000
emgp,10240,0.206615,0.993671,67652000
emgpp,64,0.032903,1.000000,2868000
emgpp,128,0.042386,0.918919,3492000
emgpp,512,0.044092,0.993243,5664000
emgpp,1024,0.042281,0.986486,8856000
emgpp,4096,0.091346,0.993243,27928000
emgpp,10240,0.214839,0.986486,66164000
emgpp,64,0.032113,0.844595,2940000
emgpp,128,0.032545,0.972973,3488000
emgpp,512,0.037184,0.993243,5728000
emgpp,1024,0.044721,0.993243,8828000
emgpp,4096,0.090668,0.993243,27852000
emgpp,10240,0.227018,0.993243,65948000
emgpp,64,0.032448,0.979730,2880000
emgpp,128,0.030266,0.939189,3436000
emgpp,512,0.036533,0.986486,5764000
emgpp,1024,0.039006,0.986486,8852000
emgpp,4096,0.085085,0.986486,27872000
emgpp,10240,0.218251,0.986486,66124000
emgpp,64,0.030659,0.837838,2892000
emgpp,128,0.031750,0.898649,3428000
emgpp,512,0.037031,0.993243,5716000
emgpp,1024,0.045655,0.993243,8968000
emgpp,4096,0.097812,0.986486,28056000
emgpp,10240,0.216150,0.986486,66112000
emgpp,64,0.033004,0.972973,2896000
emgpp,128,0.032070,1.000000,3444000
emgpp,512,0.043653,0.986486,5776000
emgpp,1024,0.046163,0.986486,8840000
emgpp,4096,0.089061,0.986486,27924000
emgpp,10240,0.232896,0.993243,66068000
emgppp,64,0.029408,0.944828,2928000
emgppp,128,0.031064,0.903448,3480000
emgppp,512,0.042645,0.979310,5752000
emgppp,1024,0.047161,0.993103,8800000
emgppp,4096,0.088572,0.993103,27748000
emgppp,10240,0.210049,0.993103,65720000
emgppp,64,0.037864,0.937931,2924000
emgppp,128,0.029160,0.951724,3460000
emgppp,512,0.032795,0.972414,5748000
emgppp,1024,0.050572,0.993103,8848000
emgppp,4096,0.087339,1.000000,27820000
emgppp,10240,0.204181,0.993103,65824000
emgppp,64,0.029669,0.903448,2948000
emgppp,128,0.033856,0.986207,3352000
emgppp,512,0.049523,0.993103,5756000
emgppp,1024,0.036971,1.000000,8816000
emgppp,4096,0.079976,0.993103,27640000
emgppp,10240,0.219928,1.000000,65712000
emgppp,64,0.030738,0.972414,2880000
emgppp,128,0.033280,1.000000,3428000
emgppp,512,0.031979,0.993103,5760000
emgppp,1024,0.063269,0.993103,8808000
emgppp,4096,0.089189,1.000000,27764000
emgppp,10240,0.206391,0.993103,65768000
emgppp,64,0.030663,0.972414,2828000
emgppp,128,0.032892,0.972414,3364000
emgppp,512,0.033971,1.000000,5684000
emgppp,1024,0.040838,1.000000,8812000
emgppp,4096,0.084950,0.993103,27772000
emgppp,10240,0.207473,1.000000,65748000
emgpppp,64,0.031708,0.930070,2948000
emgpppp,128,0.031602,0.930070,3464000
emgpppp,512,0.036746,0.951049,5728000
emgpppp,1024,0.055239,0.972028,8768000
emgpppp,4096,0.088087,0.965035,27692000
emgpppp,10240,0.213512,0.965035,65560000
emgpppp,64,0.029679,0.881119,2900000
emgpppp,128,0.028589,0.965035,3436000
emgpppp,512,0.037680,0.951049,5740000
emgpppp,1024,0.035366,0.972028,8824000
emgpppp,4096,0.087562,0.965035,27664000
emgpppp,10240,0.211848,0.972028,65384000
emgpppp,64,0.031361,0.874126,2880000
emgpppp,128,0.036589,0.930070,3416000
emgpppp,512,0.037564,0.972028,5704000
emgpppp,1024,0.040942,0.972028,8776000
emgpppp,4096,0.092664,0.972028,27756000
emgpppp,10240,0.205773,0.972028,65420000
emgpppp,64,0.031510,0.958042,2932000
emgpppp,128,0.029373,0.937063,3424000
emgpppp,512,0.042267,0.951049,5740000
emgpppp,1024,0.047335,0.965035,8820000
emgpppp,4096,0.095390,0.972028,27776000
emgpppp,10240,0.204040,0.972028,64972000
emgpppp,64,0.030729,0.881119,2880000
emgpppp,128,0.041702,0.951049,3444000
emgpppp,512,0.037945,0.972028,5688000
emgpppp,1024,0.039732,0.965035,8828000
emgpppp,4096,0.087780,0.972028,27640000
emgpppp,10240,0.209073,0.972028,65528000
emgppppp,64,0.019031,0.851485,2816000
emgppppp,128,0.020578,0.950495,3352000
emgppppp,512,0.024008,0.940594,5448000
emgppppp,1024,0.032188,0.940594,8264000
emgppppp,4096,0.054819,0.970297,25240000
emgppppp,10240,0.153687,0.970297,59620000
emgppppp,64,0.019982,0.851485,2924000
emgppppp,128,0.020109,0.871287,3404000
emgppppp,512,0.030196,0.920792,5336000
emgppppp,1024,0.030629,0.980198,8228000
emgppppp,4096,0.053867,0.950495,25272000
emgppppp,10240,0.167975,0.940594,59576000
emgppppp,64,0.020541,0.940594,2824000
emgppppp,128,0.020165,0.920792,3336000
emgppppp,512,0.025065,0.930693,5480000
emgppppp,1024,0.031079,0.910891,8280000
emgppppp,4096,0.067013,0.970297,25416000
emgppppp,10240,0.146059,0.970297,59624000
emgppppp,64,0.019453,0.900990,2860000
emgppppp,128,0.019538,0.881188,3332000
emgppppp,512,0.023564,0.960396,5468000
emgppppp,1024,0.033129,0.940594,8256000
emgppppp,4096,0.069012,0.920792,25548000
emgppppp,10240,0.144873,0.970297,59680000
emgppppp,64,0.019636,0.811881,2880000
emgppppp,128,0.019807,0.900990,3460000
emgppppp,512,0.026784,0.920792,5404000
emgppppp,1024,0.023280,0.910891,8200000
emgppppp,4096,0.065509,0.970297,25280000
emgppppp,10240,0.153424,0.940594,59528000
mnist,64,7.345184,0.659700,5264000
mnist,128,7.726584,0.720400,5740000
mnist,512,8.085070,0.797000,8356000
mnist,1024,8.677449,0.815100,12036000
mnist,4096,7.427878,0.825300,46180000
mnist,10240,23.244205,0.829200,227752000
mnist,64,5.059793,0.636400,5276000
mnist,128,7.840742,0.711600,5780000
mnist,512,7.121185,0.795400,8400000
mnist,1024,8.628689,0.815400,12028000
mnist,4096,8.273592,0.826500,112868000
mnist,10240,21.144277,0.824900,206496000
mnist,64,6.223061,0.646300,5208000
mnist,128,5.369807,0.729000,5856000
mnist,512,8.106360,0.807800,8348000
mnist,1024,8.839247,0.812600,12024000
mnist,4096,10.140614,0.825400,112024000
mnist,10240,23.705883,0.820000,182728000
mnist,64,7.343929,0.619100,5380000
mnist,128,6.789283,0.744600,5780000
mnist,512,7.696957,0.802700,8352000
mnist,1024,8.560405,0.821200,12036000
mnist,4096,8.841629,0.828300,111492000
mnist,10240,20.850209,0.826200,205268000
mnist,64,4.047289,0.658200,5312000
mnist,128,7.427995,0.681000,5744000
mnist,512,7.726932,0.798900,8420000
mnist,1024,8.278984,0.816300,12044000
mnist,4096,7.416658,0.822700,102056000
mnist,10240,23.406926,0.825000,174420000
voicehd,64,0.853715,0.490699,3180000
voicehd,128,1.226384,0.636305,3452000
voicehd,512,1.909933,0.779987,4376000
voicehd,1024,1.946281,0.814625,5936000
voicehd,4096,1.946830,0.849262,15200000
voicehd,10240,2.331362,0.842207,41024000
voicehd,64,2.158369,0.526620,3064000
voicehd,128,1.929482,0.640154,3332000
voicehd,512,1.910138,0.783836,4356000
voicehd,1024,2.047787,0.820398,6028000
voicehd,4096,2.204174,0.842848,15156000
voicehd,10240,2.187416,0.847338,34736000
voicehd,64,2.045972,0.542656,3172000
voicehd,128,2.291843,0.695959,3332000
voicehd,512,1.789947,0.796665,4492000
voicehd,1024,1.939798,0.828736,5912000
voicehd,4096,2.167854,0.838999,15176000
voicehd,10240,2.358723,0.847338,35212000
voicehd,64,2.107136,0.495831,3112000
voicehd,128,1.902962,0.640154,3384000
voicehd,512,1.900357,0.803079,4372000
voicehd,1024,2.086371,0.819756,5916000
voicehd,4096,2.271458,0.836434,15208000
voicehd,10240,2.551783,0.842207,34296000
voicehd,64,1.903004,0.511867,3128000
voicehd,128,1.491786,0.658114,3316000
voicehd,512,1.870482,0.792816,4496000
voicehd,1024,2.092233,0.817191,5972000
voicehd,4096,2.063941,0.838358,15184000
voicehd,10240,2.057695,0.839641,35156000
