Application,Dimensions,Time,Accuracy,Memory
language recognition,64,183.2471058368683,0.4990476190476191,295812000.0
language recognition,128,270.2339177131653,0.6912380952380952,297508000.0
language recognition,512,322.09286308288574,0.918047619047619,298379000.0
language recognition,1024,380.1951336860657,0.9485238095238095,302441000.0
language recognition,4096,420.3957724571228,0.9714285714285714,326367000.0
language recognition,10240,663.04261469841,0.9737142857142858,353312000.0
language recognition,64,201.18840408325195,0.5124761904761905,296230000.0
language recognition,128,197.03027868270874,0.689952380952381,295969000.0
language recognition,512,349.87200808525085,0.913047619047619,298535000.0
language recognition,1024,404.3023943901062,0.9487619047619048,307906000.0
language recognition,4096,456.3999512195587,0.9690952380952381,320137000.0
language recognition,10240,554.6221244335175,0.9739047619047619,349781000.0
language recognition,64,164.280903339386,0.5125714285714286,295840000.0
language recognition,128,169.2479784488678,0.6822380952380952,295859000.0
language recognition,512,349.91613936424255,0.9131428571428571,299379000.0
language recognition,1024,339.05125737190247,0.9475714285714286,302609000.0
language recognition,4096,558.9892218112946,0.9705238095238096,318430000.0
language recognition,10240,623.3456168174744,0.9726190476190476,348469000.0
language recognition,64,155.3377227783203,0.5116666666666667,295867000.0
language recognition,128,193.40032982826233,0.7006190476190476,296426000.0
language recognition,512,279.16414427757263,0.9091904761904762,299949000.0
language recognition,1024,333.261278629303,0.9488095238095238,302461000.0
language recognition,4096,422.2847149372101,0.9695238095238096,318137000.0
language recognition,10240,675.0003385543823,0.9735714285714285,344012000.0
language recognition,64,273.22007298469543,0.5328571428571428,296055000.0
language recognition,128,188.54491639137268,0.697,296266000.0
language recognition,512,348.6361758708954,0.910047619047619,299156000.0
language recognition,1024,332.7202432155609,0.9472380952380952,302562000.0
language recognition,4096,535.5322451591492,0.97,319531000.0
language recognition,10240,772.4436030387878,0.973,359031000.0
256
emgp,64,1.3259973526000977,0.6835443037974683,268691000.0
256
emgpp,64,1.2627589702606201,0.9054054054054054,270777000.0
256
emgppp,64,1.1658401489257812,0.903448275862069,269031000.0
256
emgpppp,64,1.2201075553894043,0.7622377622377622,272215000.0
256
emgppppp,64,0.8183541297912598,0.7920792079207921,262144999.99999997
256
emgp,128,1.5398528575897217,0.9493670886075949,267863000.0
256
emgpp,128,0.9809565544128418,0.9391891891891891,271434000.0
256
emgppp,128,1.2358973026275635,0.8482758620689655,267483999.99999997
256
emgpppp,128,1.0606789588928223,0.9020979020979021,265660000.00000003
256
emgppppp,128,0.7973082065582275,0.8118811881188119,265570000.0
256
emgp,512,1.3510193824768066,0.9430379746835443,291551000.0
256
emgpp,512,1.1852021217346191,0.9324324324324325,279562000.0
256
emgppp,512,0.7997660636901855,0.9724137931034482,281891000.0
256
emgpppp,512,1.4983339309692383,0.9440559440559441,289305000.0
256
emgppppp,512,1.0093300342559814,0.9108910891089109,288508000.0
256
emgp,1024,1.4959027767181396,0.9873417721518988,310848000.0
256
emgpp,1024,1.8688385486602783,0.9594594594594594,294133000.0
256
emgppp,1024,1.9263384342193604,0.993103448275862,316438000.0
256
emgpppp,1024,1.8679838180541992,0.972027972027972,309770000.0
256
emgppppp,1024,0.8548886775970459,0.9207920792079208,294566000.0
256
emgp,4096,4.320479393005371,0.9873417721518988,428145000.0
256
emgpp,4096,3.59393310546875,0.9797297297297297,428348000.0
256
emgppp,4096,4.10797119140625,0.9862068965517241,402793000.0
256
emgpppp,4096,3.305347204208374,0.965034965034965,500059000.0
256
emgppppp,4096,2.81789493560791,0.9900990099009901,462816000.0
256
emgp,10240,32.24513554573059,0.9810126582278481,525948999.99999994
256
emgpp,10240,31.43875551223755,0.9459459459459459,541430000.0
256
emgppp,10240,28.11070489883423,1.0,491852000.0
256
emgpppp,10240,21.811330556869507,0.9370629370629371,521219000.00000006
256
emgppppp,10240,19.282104015350342,0.9603960396039604,484621000.0
256
emgp,64,0.556666374206543,0.8544303797468354,269289000.0
256
emgpp,64,1.174772024154663,0.7702702702702703,269145000.0
256
emgppp,64,0.8057620525360107,0.9517241379310345,263504000.00000003
256
emgpppp,64,1.1752266883850098,0.9020979020979021,273594000.0
256
emgppppp,64,0.6146345138549805,0.801980198019802,268754000.0
256
emgp,128,0.9133048057556152,0.9683544303797469,270176000.0
256
emgpp,128,1.491386890411377,0.8986486486486487,270242000.0
256
emgppp,128,0.6395144462585449,0.9448275862068966,266988000.0
256
emgpppp,128,0.9680001735687256,0.8951048951048951,266476999.99999997
256
emgppppp,128,0.5205276012420654,0.8613861386138614,270785000.0
256
emgp,512,1.5662846565246582,0.930379746835443,288562000.0
256
emgpp,512,1.4687480926513672,0.9797297297297297,275969000.0
256
emgppp,512,1.0278537273406982,0.993103448275862,284852000.0
256
emgpppp,512,1.0832641124725342,0.9230769230769231,290973000.0
256
emgppppp,512,1.4068260192871094,0.9306930693069307,286133000.0
256
emgp,1024,2.2718124389648438,1.0,300984000.0
256
emgpp,1024,1.3691463470458984,0.9594594594594594,290133000.0
256
emgppp,1024,1.5636131763458252,0.9862068965517241,302410000.0
256
emgpppp,1024,1.4866864681243896,0.958041958041958,304672000.0
256
emgppppp,1024,1.302978754043579,0.9801980198019802,292578000.0
256
emgp,4096,10.010060548782349,1.0,427801000.0
256
emgpp,4096,11.579024314880371,0.9864864864864865,312195000.0
256
emgppp,4096,3.9988763332366943,0.993103448275862,532448999.99999994
256
emgpppp,4096,12.59617829322815,0.951048951048951,312273000.0
256
emgppppp,4096,2.6235291957855225,0.9603960396039604,477996000.0
256
emgp,10240,32.90554666519165,0.9936708860759493,532590000.00000006
256
emgpp,10240,33.07664394378662,0.9594594594594594,428383000.0
256
emgppp,10240,26.260018348693848,0.993103448275862,539785000.0
256
emgpppp,10240,25.47047233581543,0.9790209790209791,428707000.0
256
emgppppp,10240,19.82708215713501,0.9702970297029703,537082000.0
256
emgp,64,1.2204954624176025,0.8860759493670886,268223000.0
256
emgpp,64,1.0922746658325195,0.8378378378378378,267089999.99999997
256
emgppp,64,0.8615920543670654,0.32413793103448274,266668000.0
256
emgpppp,64,0.5686335563659668,0.7062937062937062,269266000.0
256
emgppppp,64,0.5141355991363525,0.7722772277227723,268262000.0
256
emgp,128,1.0670933723449707,0.9493670886075949,269262000.0
256
emgpp,128,0.5566623210906982,0.918918918918919,264199000.0
256
emgppp,128,1.1382205486297607,0.9724137931034482,263430000.0
256
emgpppp,128,1.1716020107269287,0.8811188811188811,272758000.0
256
emgppppp,128,0.759523868560791,0.8910891089108911,263773000.00000003
256
emgp,512,1.2954380512237549,0.9556962025316456,275535000.0
256
emgpp,512,1.0492908954620361,0.9256756756756757,282180000.0
256
emgppp,512,1.3276071548461914,1.0,281496000.0
256
emgpppp,512,0.9818005561828613,0.986013986013986,273266000.0
256
emgppppp,512,0.957801342010498,1.0,286797000.0
256
emgp,1024,1.7887940406799316,0.9620253164556962,298480000.0
256
emgpp,1024,1.8657770156860352,0.9662162162162162,311715000.0
256
emgppp,1024,1.801286220550537,1.0,314488000.0
256
emgpppp,1024,1.7590887546539307,0.965034965034965,304863000.0
256
emgppppp,1024,1.0555601119995117,0.9603960396039604,315230000.0
256
emgp,4096,14.695871591567993,0.9936708860759493,312223000.0
256
emgpp,4096,15.520008325576782,0.972972972972973,417039000.0
256
emgppp,4096,3.807610273361206,0.993103448275862,496371000.0
256
emgpppp,4096,3.4030745029449463,0.965034965034965,461445000.0
256
emgppppp,4096,2.8476009368896484,0.9801980198019802,458734000.0
256
emgp,10240,34.51801562309265,0.9810126582278481,521905999.99999994
256
emgpp,10240,24.480446577072144,0.9594594594594594,548332000.0
256
emgppp,10240,29.86570167541504,1.0,492539000.0
256
emgpppp,10240,29.388044357299805,0.958041958041958,490602000.0
256
emgppppp,10240,21.252169609069824,0.9900990099009901,549398000.0
256
emgp,64,1.1862833499908447,0.9177215189873418,273008000.0
256
emgpp,64,1.1872694492340088,0.8108108108108109,274176000.0
256
emgppp,64,1.0407037734985352,0.8758620689655172,271715000.0
256
emgpppp,64,1.072448968887329,0.8671328671328671,272816000.0
256
emgppppp,64,0.6890325546264648,0.900990099009901,268520000.0
256
emgp,128,0.5988757610321045,0.9240506329113924,273961000.0
256
emgpp,128,1.1893086433410645,0.918918918918919,273938000.0
256
emgppp,128,1.2524940967559814,0.9172413793103448,272176000.0
256
emgpppp,128,1.1380438804626465,0.8251748251748252,273363000.0
256
emgppppp,128,0.4817166328430176,0.9603960396039604,262043000.0
256
emgp,512,1.6349318027496338,0.9683544303797469,279410000.0
256
emgpp,512,1.516845464706421,0.9391891891891891,292051000.0
256
emgppp,512,1.2551093101501465,1.0,278762000.0
256
emgpppp,512,1.2768421173095703,0.9090909090909091,284609000.0
256
emgppppp,512,0.9242055416107178,0.900990099009901,283922000.0
256
emgp,1024,1.8849265575408936,0.9936708860759493,321488000.0
256
emgpp,1024,1.9756152629852295,0.972972972972973,311980000.0
256
emgppp,1024,1.9156877994537354,0.993103448275862,296215000.0
256
emgpppp,1024,1.6029021739959717,0.958041958041958,318918000.0
256
emgppppp,1024,1.4850823879241943,0.9900990099009901,311734000.0
256
emgp,4096,5.329552173614502,0.9873417721518988,434852000.0
256
emgpp,4096,3.1532180309295654,0.972972972972973,480152000.0
256
emgppp,4096,4.3188371658325195,0.9862068965517241,419371000.0
256
emgpppp,4096,4.281796216964722,0.951048951048951,468555000.0
256
emgppppp,4096,2.8811657428741455,0.9702970297029703,396820000.0
256
emgp,10240,32.62309956550598,0.9936708860759493,463367000.0
256
emgpp,10240,31.418209552764893,0.9594594594594594,492266000.0
256
emgppp,10240,31.804189205169678,0.993103448275862,500992000.0
256
emgpppp,10240,25.65202283859253,0.972027972027972,510418000.0
256
emgppppp,10240,21.502774238586426,0.9900990099009901,542059000.0
256
emgp,64,0.7337450981140137,0.9556962025316456,264156000.0
256
emgpp,64,1.2787725925445557,0.9121621621621622,273258000.0
256
emgppp,64,1.136286735534668,0.9241379310344827,265745999.99999997
256
emgpppp,64,1.0272018909454346,0.7692307692307693,272984000.0
256
emgppppp,64,0.6768820285797119,0.9306930693069307,269090000.0
256
emgp,128,1.1003756523132324,0.9873417721518988,269242000.0
256
emgpp,128,0.9273614883422852,0.9121621621621622,274074000.0
256
emgppp,128,0.9718117713928223,0.9517241379310345,271754000.0
256
emgpppp,128,0.7948036193847656,0.8951048951048951,269965000.0
256
emgppppp,128,0.3722248077392578,0.9504950495049505,272898000.0
256
emgp,512,1.4306917190551758,0.9683544303797469,297465000.0
256
emgpp,512,1.2427241802215576,0.972972972972973,292711000.0
256
emgppp,512,1.0941948890686035,0.9793103448275862,280188000.0
256
emgpppp,512,1.533268690109253,0.9790209790209791,284375000.0
256
emgppppp,512,0.8751187324523926,0.9900990099009901,275469000.0
256
emgp,1024,1.9507465362548828,0.9936708860759493,296426000.0
256
emgpp,1024,1.7935998439788818,0.9594594594594594,319355000.0
256
emgppp,1024,1.9581468105316162,1.0,312820000.0
256
emgpppp,1024,1.5807695388793945,0.9090909090909091,322742000.0
256
emgppppp,1024,1.0117156505584717,0.9702970297029703,311289000.0
256
emgp,4096,3.2138452529907227,1.0,407043000.0
256
emgpp,4096,3.184873580932617,0.9797297297297297,447996000.0
256
emgppp,4096,3.7090306282043457,0.993103448275862,468684000.0
256
emgpppp,4096,3.8081090450286865,0.951048951048951,447281000.0
256
emgppppp,4096,2.89982008934021,0.9801980198019802,442730000.0
256
emgp,10240,27.311415910720825,0.9873417721518988,531820000.00000006
256
emgpp,10240,22.404642343521118,0.9459459459459459,533383000.00000006
256
emgppp,10240,22.94384002685547,0.9793103448275862,531488000.00000006
256
emgpppp,10240,20.82696771621704,0.9790209790209791,538051000.0
256
emgppppp,10240,16.882028102874756,0.9900990099009901,561629000.0
voicehd,64,9.517677068710327,0.3957665264606476,370848000.0
voicehd,128,10.130085468292236,0.529826819896698,370852000.0
voicehd,512,12.218622207641602,0.7690827250480652,370934000.0
voicehd,1024,16.89065718650818,0.8146247863769531,371293000.0
voicehd,4096,20.693719148635864,0.8370750546455383,399621000.0
voicehd,10240,58.06473970413208,0.8492623567581177,518558999.99999994
voicehd,64,10.009215116500854,0.40731239318847656,370945000.0
voicehd,128,11.081688165664673,0.5554842948913574,370883000.0
voicehd,512,9.943729639053345,0.7594611644744873,371215000.0
voicehd,1024,12.678971290588379,0.806927502155304,371305000.0
voicehd,4096,17.122732877731323,0.8383579254150391,391926000.0
voicehd,10240,45.25967359542847,0.8441308736801147,494551000.0
voicehd,64,12.102386951446533,0.39640796184539795,370895000.0
voicehd,128,11.909453868865967,0.5567671656608582,370785000.0
voicehd,512,10.940935850143433,0.7402181029319763,370879000.0
voicehd,1024,16.457844257354736,0.825529158115387,371359000.0
voicehd,4096,16.672143697738647,0.8447722792625427,382441000.0
voicehd,10240,42.99845027923584,0.8492623567581177,467688000.0
voicehd,64,8.642421007156372,0.391917884349823,370879000.0
voicehd,128,12.06200909614563,0.5772931575775146,371078000.0
voicehd,512,14.468825817108154,0.7536882758140564,371152000.0
voicehd,1024,13.263772249221802,0.7870429754257202,371230000.0
voicehd,4096,17.54771900177002,0.8415651321411133,392000000.0
voicehd,10240,42.84960579872131,0.8531109690666199,542812000.0
voicehd,64,14.097270727157593,0.39063501358032227,370973000.0
voicehd,128,11.361233472824097,0.4753046929836273,370746000.0
voicehd,512,13.29343056678772,0.7479153275489807,370742000.0
voicehd,1024,11.575306177139282,0.7966645359992981,371449000.0
voicehd,4096,17.291463375091553,0.8402822613716125,411434000.0
voicehd,10240,48.66514325141907,0.8466966152191162,542766000.0
mnist,64,102.0408775806427,4.969,323617000.0
mnist,128,112.70908260345459,6.284,325922000.0
mnist,512,102.41398048400879,7.587,338379000.0
mnist,1024,96.1696527004242,7.952,351094000.0
mnist,4096,223.9550371170044,8.213,447516000.0
mnist,10240,1078.77934217453,8.251,620617000.0
mnist,64,92.0346360206604,4.339,323609000.0
mnist,128,128.17541122436523,6.035,325652000.0
mnist,512,104.56112456321716,7.747,339043000.0
mnist,1024,148.7932686805725,7.981,353555000.0
mnist,4096,234.4437713623047,8.3,459230000.0
mnist,10240,1139.337751865387,8.306,598254000.0
mnist,64,93.13716721534729,3.984,323848000.0
mnist,128,101.78597736358643,6.702,325934000.0
mnist,512,123.9957492351532,7.682,339043000.0
mnist,1024,107.4302773475647,8.011,351180000.0
mnist,4096,224.33894085884094,8.232,459902000.0
mnist,10240,1072.9729166030884,8.295,602500000.0
mnist,64,116.32748651504517,4.65,323559000.0
mnist,128,95.15829253196716,6.238,326109000.0
mnist,512,112.65239310264587,7.654,337934000.0
mnist,1024,112.08442068099976,7.974,356840000.0
mnist,4096,219.04960894584656,8.227,447219000.0
mnist,10240,1181.5132145881653,8.29,602973000.0
mnist,64,100.32484602928162,4.583,323402000.0
mnist,128,109.7430624961853,5.682,325777000.0
mnist,512,110.12438488006592,7.568,339152000.0
mnist,1024,109.2833182811737,7.925,353703000.0
mnist,4096,275.1246657371521,8.216,459137000.0
mnist,10240,1141.109695672989,8.282,602168000.0
