Application,Dimensions,Time,Accuracy,Memory
languages,64,6.259486,0.620095,11080000
languages,128,6.466056,0.797286,10636000
languages,512,7.809297,0.937476,10548000
languages,1024,5.093048,0.961190,29052000
languages,4096,19.542530,0.972048,96492000
languages,10240,52.274612,0.975286,118016000
languages,64,7.268944,0.654429,11164000
languages,128,8.248474,0.805952,10640000
languages,512,8.760474,0.939524,10476000
languages,1024,5.834841,0.961238,13984000
languages,4096,21.745156,0.974238,93064000
languages,10240,60.375860,0.975667,112848000
languages,64,7.717240,0.637762,11148000
languages,128,8.308644,0.793619,10552000
languages,512,7.815949,0.936048,10536000
languages,1024,4.960816,0.958286,41028000
languages,4096,20.877146,0.972143,82952000
languages,10240,62.795664,0.975524,113680000
languages,64,6.878349,0.677333,11200000
languages,128,8.410676,0.805286,10568000
languages,512,7.820913,0.943524,10480000
languages,1024,5.218074,0.958952,22620000
languages,4096,22.000232,0.973143,99116000
languages,10240,54.050144,0.975667,122620000
languages,64,8.493106,0.656905,11052000
languages,128,6.687925,0.785667,10684000
languages,512,8.499199,0.945143,10532000
languages,1024,5.163707,0.960048,54304000
languages,4096,18.987663,0.973619,108340000
languages,10240,56.315824,0.975667,120736000
emgp,64,0.033152,0.930380,2876000
emgp,128,0.033178,0.955696,5292000
emgp,512,0.043508,0.993671,6864000
emgp,1024,0.052161,0.987342,11132000
emgp,4096,0.112376,0.987342,30424000
emgp,10240,0.235373,0.981013,69372000
emgp,64,0.030574,0.974684,2928000
emgp,128,0.031651,0.962025,5284000
emgp,512,0.038678,0.968354,6856000
emgp,1024,0.052664,0.981013,11084000
emgp,4096,0.112494,0.987342,30600000
emgp,10240,0.246103,0.981013,69448000
emgp,64,0.049302,0.936709,2828000
emgp,128,0.033616,0.968354,5216000
emgp,512,0.036928,0.987342,6808000
emgp,1024,0.044638,0.981013,11096000
emgp,4096,0.101813,0.993671,30412000
emgp,10240,0.234338,0.993671,69464000
emgp,64,0.032376,0.917722,2944000
emgp,128,0.038652,0.987342,5276000
emgp,512,0.041993,0.987342,6912000
emgp,1024,0.052246,0.993671,11084000
emgp,4096,0.103716,0.993671,30644000
emgp,10240,0.231739,0.981013,69076000
emgp,64,0.032481,0.955696,2928000
emgp,128,0.034542,0.993671,5288000
emgp,512,0.039315,0.968354,6912000
emgp,1024,0.060650,0.987342,11092000
emgp,4096,0.107491,0.993671,30660000
emgp,10240,0.225264,0.987342,69708000
emgpp,64,0.030825,0.817568,2864000
emgpp,128,0.030708,0.959459,5152000
emgpp,512,0.036435,0.986486,6740000
emgpp,1024,0.041259,0.986486,10864000
emgpp,4096,0.101218,0.986486,29900000
emgpp,10240,0.215303,0.993243,67992000
emgpp,64,0.030238,0.932432,2896000
emgpp,128,0.029856,0.925676,5140000
emgpp,512,0.033562,0.993243,6748000
emgpp,1024,0.052907,0.986486,10816000
emgpp,4096,0.097572,0.986486,29944000
emgpp,10240,0.227410,0.986486,68048000
emgpp,64,0.030747,0.979730,2932000
emgpp,128,0.037796,0.939189,5188000
emgpp,512,0.040902,0.986486,6792000
emgpp,1024,0.049665,0.993243,10800000
emgpp,4096,0.109802,0.986486,29764000
emgpp,10240,0.235730,0.986486,68176000
emgpp,64,0.031035,0.871622,2892000
emgpp,128,0.030297,0.972973,5192000
emgpp,512,0.032189,0.993243,6684000
emgpp,1024,0.039993,0.993243,10864000
emgpp,4096,0.100057,0.986486,29872000
emgpp,10240,0.229353,0.986486,68104000
emgpp,64,0.033937,0.986486,2948000
emgpp,128,0.030589,0.986486,5140000
emgpp,512,0.039039,0.972973,6848000
emgpp,1024,0.044532,0.993243,10832000
emgpp,4096,0.112154,0.993243,29784000
emgpp,10240,0.208194,0.993243,68240000
emgppp,64,0.028803,0.944828,2948000
emgppp,128,0.040455,0.979310,5164000
emgppp,512,0.036085,0.993103,6752000
emgppp,1024,0.053954,0.993103,10720000
emgppp,4096,0.104498,1.000000,29804000
emgppp,10240,0.211630,0.993103,67560000
emgppp,64,0.032566,0.993103,2940000
emgppp,128,0.033907,0.986207,5148000
emgppp,512,0.039960,0.986207,6700000
emgppp,1024,0.049255,0.993103,10732000
emgppp,4096,0.096721,0.993103,29652000
emgppp,10240,0.208538,1.000000,67640000
emgppp,64,0.033441,0.924138,2884000
emgppp,128,0.035874,0.965517,5104000
emgppp,512,0.034216,0.993103,6684000
emgppp,1024,0.059591,1.000000,10684000
emgppp,4096,0.101640,1.000000,29912000
emgppp,10240,0.225462,0.993103,67628000
emgppp,64,0.029044,0.924138,2880000
emgppp,128,0.040946,0.993103,5220000
emgppp,512,0.045262,0.986207,6680000
emgppp,1024,0.044366,0.993103,10736000
emgppp,4096,0.098822,0.993103,29624000
emgppp,10240,0.223078,0.993103,67704000
emgppp,64,0.028889,0.972414,2892000
emgppp,128,0.032289,0.965517,5152000
emgppp,512,0.036931,1.000000,6700000
emgppp,1024,0.060862,0.993103,10736000
emgppp,4096,0.098909,0.993103,29492000
emgppp,10240,0.215919,0.993103,67656000
emgpppp,64,0.031181,0.881119,2884000
emgpppp,128,0.044733,0.951049,5136000
emgpppp,512,0.034863,0.965035,6664000
emgpppp,1024,0.060155,0.965035,10728000
emgpppp,4096,0.107958,0.965035,29480000
emgpppp,10240,0.207263,0.972028,67316000
emgpppp,64,0.031692,0.867133,2932000
emgpppp,128,0.033663,0.930070,5016000
emgpppp,512,0.041368,0.965035,6720000
emgpppp,1024,0.049808,0.965035,10688000
emgpppp,4096,0.097174,0.965035,29476000
emgpppp,10240,0.215542,0.972028,67620000
emgpppp,64,0.029548,0.930070,2932000
emgpppp,128,0.033516,0.930070,5088000
emgpppp,512,0.043322,0.972028,6656000
emgpppp,1024,0.065468,0.965035,10700000
emgpppp,4096,0.096732,0.972028,29624000
emgpppp,10240,0.213762,0.972028,67144000
emgpppp,64,0.030931,0.853147,2868000
emgpppp,128,0.036769,0.923077,5084000
emgpppp,512,0.045818,0.972028,6676000
emgpppp,1024,0.058263,0.972028,10728000
emgpppp,4096,0.096016,0.965035,29528000
emgpppp,10240,0.216499,0.972028,67548000
emgpppp,64,0.030741,0.951049,2900000
emgpppp,128,0.031490,0.965035,5076000
emgpppp,512,0.039502,0.972028,6652000
emgpppp,1024,0.047469,0.972028,10732000
emgpppp,4096,0.090245,0.965035,29476000
emgpppp,10240,0.211064,0.972028,67352000
emgppppp,64,0.019573,0.900990,2892000
emgppppp,128,0.019519,0.930693,4628000
emgppppp,512,0.025010,0.891089,6112000
emgppppp,1024,0.039910,0.960396,9612000
emgppppp,4096,0.078616,0.950495,26632000
emgppppp,10240,0.166194,0.940594,60780000
emgppppp,64,0.019002,0.811881,2880000
emgppppp,128,0.018961,0.960396,4556000
emgppppp,512,0.027225,0.970297,6160000
emgppppp,1024,0.032387,0.881188,9492000
emgppppp,4096,0.079841,0.960396,26608000
emgppppp,10240,0.164248,0.980198,60816000
emgppppp,64,0.020317,0.435644,2924000
emgppppp,128,0.019802,0.920792,4508000
emgppppp,512,0.025774,0.900990,6152000
emgppppp,1024,0.038225,0.960396,9556000
emgppppp,4096,0.081764,0.980198,26716000
emgppppp,10240,0.168873,0.970297,60608000
emgppppp,64,0.019094,0.900990,2864000
emgppppp,128,0.019972,0.950495,4572000
emgppppp,512,0.025840,0.960396,6152000
emgppppp,1024,0.033099,0.960396,9504000
emgppppp,4096,0.074400,0.940594,26640000
emgppppp,10240,0.167769,0.891089,61008000
emgppppp,64,0.018833,0.910891,2876000
emgppppp,128,0.021028,0.881188,4524000
emgppppp,512,0.020811,0.970297,6100000
emgppppp,1024,0.032590,0.970297,9628000
emgppppp,4096,0.073590,0.970297,26612000
emgppppp,10240,0.164526,0.940594,60936000
mnist,64,5.876346,0.577400,9164000
mnist,128,7.946913,0.719200,13544000
mnist,512,8.261836,0.808800,39756000
mnist,1024,5.804184,0.814300,104156000
mnist,4096,24.493376,0.826800,414868000
mnist,10240,59.558674,0.827900,879572000
mnist,64,6.601598,0.471200,9160000
mnist,128,7.306503,0.694800,13480000
mnist,512,8.949978,0.808200,39736000
mnist,1024,5.080715,0.803400,87036000
mnist,4096,22.858595,0.827400,433096000
mnist,10240,57.923778,0.829200,871512000
mnist,64,5.684027,0.645000,9148000
mnist,128,8.162234,0.709700,13616000
mnist,512,8.188727,0.812600,39820000
mnist,1024,4.786426,0.817900,87404000
mnist,4096,22.213689,0.821300,408552000
mnist,10240,58.927562,0.828100,878200000
mnist,64,8.450284,0.624500,9116000
mnist,128,8.611669,0.715100,13484000
mnist,512,9.012623,0.803800,39776000
mnist,1024,4.960183,0.815200,84676000
mnist,4096,22.744835,0.826300,426412000
mnist,10240,59.887249,0.827100,868320000
mnist,64,8.190839,0.619500,9148000
mnist,128,7.774147,0.733000,13544000
mnist,512,9.504274,0.798300,39716000
mnist,1024,6.609414,0.814900,81396000
mnist,4096,24.340936,0.825800,445116000
mnist,10240,60.894685,0.828400,863612000
voicehd,64,2.036117,0.509942,6212000
voicehd,128,1.257408,0.637588,9352000
voicehd,512,2.323136,0.805003,29028000
voicehd,1024,2.002198,0.824246,55136000
voicehd,4096,2.403362,0.849262,220476000
voicehd,10240,5.945237,0.847979,537632000
voicehd,64,1.064736,0.594612,6152000
voicehd,128,2.176396,0.661963,9456000
voicehd,512,2.279708,0.819115,29008000
voicehd,1024,2.104775,0.835151,55316000
voicehd,4096,2.324388,0.840924,218956000
voicehd,10240,6.516774,0.849262,536196000
voicehd,64,1.284460,0.496472,6208000
voicehd,128,2.129663,0.682489,9456000
voicehd,512,2.208547,0.806286,29060000
voicehd,1024,2.302752,0.813983,55180000
voicehd,4096,2.219727,0.851187,216512000
voicehd,10240,5.766868,0.847338,538160000
voicehd,64,1.337814,0.498396,6220000
voicehd,128,1.262544,0.624118,9460000
voicehd,512,2.249487,0.813342,29032000
voicehd,1024,2.531181,0.820398,55200000
voicehd,4096,2.288878,0.846055,220680000
voicehd,10240,6.482551,0.853111,536548000
voicehd,64,2.176997,0.513149,6168000
voicehd,128,1.010394,0.639512,9424000
voicehd,512,2.355523,0.815266,29068000
voicehd,1024,2.363902,0.808852,55292000
voicehd,4096,2.272469,0.847979,218736000
voicehd,10240,6.294043,0.853752,536640000
