Application,Dimensions,Time,Accuracy,Memory
languages,64,3.498825,0.645810,11104000
languages,128,3.590024,0.804000,10544000
languages,512,3.795699,0.940857,10412000
languages,1024,3.802868,0.960524,56268000
languages,4096,15.177738,0.972857,103252000
languages,10240,81.394658,0.975238,124004000
languages,64,3.456641,0.635333,11124000
languages,128,3.553472,0.794619,10588000
languages,512,3.606050,0.942952,10468000
languages,1024,3.926084,0.958143,32412000
languages,4096,15.251752,0.973238,98244000
languages,10240,79.848138,0.974667,123936000
languages,64,3.496353,0.629809,11072000
languages,128,3.547590,0.802000,10508000
languages,512,3.661560,0.941714,10412000
languages,1024,3.826331,0.960381,24708000
languages,4096,15.521699,0.973095,97000000
languages,10240,80.621235,0.975905,124024000
languages,64,3.528311,0.657238,11140000
languages,128,3.532604,0.789619,10508000
languages,512,3.710684,0.939905,10512000
languages,1024,3.796355,0.959571,15512000
languages,4096,15.194222,0.973429,97348000
languages,10240,79.985903,0.975667,126816000
languages,64,3.550658,0.659524,11020000
languages,128,3.594256,0.805000,10572000
languages,512,3.699587,0.940095,10440000
languages,1024,3.891284,0.957762,17112000
languages,4096,15.173805,0.972667,98212000
languages,10240,80.637858,0.975905,123996000
emgp,64,0.036291,0.455696,2824000
emgp,128,0.029672,0.987342,3360000
emgp,512,0.030638,0.987342,5732000
emgp,1024,0.037478,0.993671,8964000
emgp,4096,0.098765,0.993671,28536000
emgp,10240,0.431089,0.981013,67796000
emgp,64,0.029790,0.949367,2820000
emgp,128,0.029945,0.993671,3440000
emgp,512,0.030621,0.981013,5732000
emgp,1024,0.043870,0.974684,8888000
emgp,4096,0.096033,0.993671,28896000
emgp,10240,0.433209,0.993671,67804000
emgp,64,0.029828,0.949367,2796000
emgp,128,0.030323,0.981013,3376000
emgp,512,0.031808,0.987342,5712000
emgp,1024,0.044046,0.981013,8968000
emgp,4096,0.100756,0.993671,28952000
emgp,10240,0.436745,0.987342,67832000
emgp,64,0.030018,0.968354,2820000
emgp,128,0.030194,0.974684,3420000
emgp,512,0.030169,0.987342,5780000
emgp,1024,0.041155,0.993671,8924000
emgp,4096,0.102674,0.993671,28756000
emgp,10240,0.435187,0.993671,67756000
emgp,64,0.029729,0.930380,2792000
emgp,128,0.029962,0.993671,3400000
emgp,512,0.030256,0.981013,5736000
emgp,1024,0.040046,0.993671,8928000
emgp,4096,0.101178,0.981013,29144000
emgp,10240,0.447157,0.987342,67804000
emgpp,64,0.034526,0.790541,2892000
emgpp,128,0.028851,0.945946,3436000
emgpp,512,0.028496,0.979730,5708000
emgpp,1024,0.039921,0.993243,8908000
emgpp,4096,0.090113,0.979730,28496000
emgpp,10240,0.423501,0.993243,66424000
emgpp,64,0.028417,0.932432,2864000
emgpp,128,0.028591,0.912162,3424000
emgpp,512,0.028939,0.986486,5668000
emgpp,1024,0.036198,0.986486,8796000
emgpp,4096,0.099796,0.993243,27936000
emgpp,10240,0.405826,0.986486,66260000
emgpp,64,0.028682,0.918919,2836000
emgpp,128,0.028655,0.959459,3440000
emgpp,512,0.029117,0.959459,5676000
emgpp,1024,0.039112,0.993243,8836000
emgpp,4096,0.096495,0.993243,28016000
emgpp,10240,0.420647,0.993243,66452000
emgpp,64,0.028584,0.939189,2856000
emgpp,128,0.028344,0.986486,3372000
emgpp,512,0.029148,0.993243,5668000
emgpp,1024,0.037206,0.986486,8760000
emgpp,4096,0.090201,0.986486,27920000
emgpp,10240,0.411904,0.986486,66060000
emgpp,64,0.028395,0.925676,2820000
emgpp,128,0.028339,0.945946,3360000
emgpp,512,0.030983,0.986486,5668000
emgpp,1024,0.037679,0.979730,8824000
emgpp,4096,0.091770,0.993243,28508000
emgpp,10240,0.426052,0.986486,66388000
emgppp,64,0.033233,0.924138,2824000
emgppp,128,0.027333,0.972414,3412000
emgppp,512,0.027544,0.993103,5648000
emgppp,1024,0.036912,0.993103,8744000
emgppp,4096,0.090392,0.993103,28224000
emgppp,10240,0.381088,0.993103,65804000
emgppp,64,0.027488,0.986207,2816000
emgppp,128,0.028283,0.986207,3348000
emgppp,512,0.027468,0.993103,5640000
emgppp,1024,0.039410,0.993103,8712000
emgppp,4096,0.092886,0.993103,28096000
emgppp,10240,0.394477,0.993103,65932000
emgppp,64,0.027441,1.000000,2860000
emgppp,128,0.027805,0.965517,3496000
emgppp,512,0.029391,1.000000,5644000
emgppp,1024,0.035996,1.000000,8752000
emgppp,4096,0.091452,0.993103,27768000
emgppp,10240,0.414527,0.993103,65920000
emgppp,64,0.027372,0.979310,2816000
emgppp,128,0.027332,0.993103,3424000
emgppp,512,0.027716,0.993103,5664000
emgppp,1024,0.037271,1.000000,8764000
emgppp,4096,0.092136,0.993103,28168000
emgppp,10240,0.392071,0.993103,65992000
emgppp,64,0.027359,0.993103,2800000
emgppp,128,0.027707,0.993103,3364000
emgppp,512,0.027768,0.986207,5648000
emgppp,1024,0.034693,0.993103,8784000
emgppp,4096,0.090989,0.993103,28216000
emgppp,10240,0.410286,1.000000,65820000
emgpppp,64,0.033510,0.867133,2820000
emgpppp,128,0.027391,0.979021,3380000
emgpppp,512,0.027723,0.972028,5640000
emgpppp,1024,0.034948,0.972028,8772000
emgpppp,4096,0.091542,0.972028,27820000
emgpppp,10240,0.382972,0.972028,65756000
emgpppp,64,0.027660,0.804196,2796000
emgpppp,128,0.027578,0.888112,3360000
emgpppp,512,0.027960,0.965035,5696000
emgpppp,1024,0.040690,0.965035,8692000
emgpppp,4096,0.089282,0.972028,28056000
emgpppp,10240,0.421937,0.965035,65764000
emgpppp,64,0.027069,0.909091,2872000
emgpppp,128,0.027656,0.944056,3376000
emgpppp,512,0.031089,0.965035,5628000
emgpppp,1024,0.037300,0.972028,8712000
emgpppp,4096,0.088322,0.965035,27960000
emgpppp,10240,0.387904,0.965035,65640000
emgpppp,64,0.027369,0.965035,2848000
emgpppp,128,0.027697,0.958042,3444000
emgpppp,512,0.027461,0.972028,5660000
emgpppp,1024,0.038644,0.965035,8772000
emgpppp,4096,0.087384,0.972028,28168000
emgpppp,10240,0.402306,0.972028,65700000
emgpppp,64,0.028283,0.881119,2824000
emgpppp,128,0.027458,0.944056,3372000
emgpppp,512,0.031028,0.979021,5640000
emgpppp,1024,0.036866,0.972028,8728000
emgpppp,4096,0.089132,0.972028,28176000
emgpppp,10240,0.375416,0.972028,65696000
emgppppp,64,0.026467,0.930693,2864000
emgppppp,128,0.019261,0.940594,3344000
emgppppp,512,0.019370,0.970297,5364000
emgppppp,1024,0.024478,0.930693,8208000
emgppppp,4096,0.068949,0.970297,25660000
emgppppp,10240,0.286394,0.950495,59736000
emgppppp,64,0.019127,0.801980,2828000
emgppppp,128,0.018999,0.831683,3300000
emgppppp,512,0.019601,0.950495,5420000
emgppppp,1024,0.027755,0.960396,8152000
emgppppp,4096,0.066429,0.970297,25520000
emgppppp,10240,0.287918,0.950495,59748000
emgppppp,64,0.019130,0.920792,2784000
emgppppp,128,0.019024,0.861386,3308000
emgppppp,512,0.019485,0.960396,5364000
emgppppp,1024,0.025430,0.910891,8196000
emgppppp,4096,0.061363,0.980198,25292000
emgppppp,10240,0.279531,0.940594,59712000
emgppppp,64,0.019138,0.940594,2828000
emgppppp,128,0.019371,0.930693,3284000
emgppppp,512,0.019455,0.900990,5404000
emgppppp,1024,0.028438,0.960396,8152000
emgppppp,4096,0.063812,0.910891,25628000
emgppppp,10240,0.293308,0.920792,59648000
emgppppp,64,0.019287,0.970297,2864000
emgppppp,128,0.019280,0.910891,3300000
emgppppp,512,0.021118,0.980198,5384000
emgppppp,1024,0.025918,0.920792,8160000
emgppppp,4096,0.068965,0.970297,25692000
emgppppp,10240,0.272115,0.940594,59736000
mnist,64,2.882140,0.626500,5200000
mnist,128,2.892717,0.715000,5720000
mnist,512,3.118373,0.790100,8428000
mnist,1024,3.467972,0.819600,11968000
mnist,4096,7.364399,0.824700,98320000
mnist,10240,28.561790,0.827300,232824000
mnist,64,2.799015,0.645200,5196000
mnist,128,3.121116,0.718800,5736000
mnist,512,3.184608,0.801600,8292000
mnist,1024,3.374906,0.809900,11996000
mnist,4096,7.413499,0.825800,142932000
mnist,10240,27.754219,0.828900,235720000
mnist,64,2.791037,0.656500,5248000
mnist,128,2.797785,0.692300,5664000
mnist,512,3.302211,0.787700,8348000
mnist,1024,3.586598,0.809800,11936000
mnist,4096,7.382779,0.819500,100016000
mnist,10240,28.017102,0.826600,234868000
mnist,64,2.958178,0.673600,5256000
mnist,128,2.826053,0.743700,5732000
mnist,512,3.226487,0.793300,8312000
mnist,1024,3.244399,0.814600,11968000
mnist,4096,7.447483,0.830200,99776000
mnist,10240,29.411026,0.823800,234292000
mnist,64,2.815324,0.717300,5248000
mnist,128,2.838458,0.723000,5664000
mnist,512,3.295479,0.799400,8316000
mnist,1024,3.428299,0.809400,12028000
mnist,4096,7.317389,0.827200,97508000
mnist,10240,31.926453,0.826300,234104000
voicehd,64,0.662114,0.544580,3056000
voicehd,128,0.638374,0.611289,3276000
voicehd,512,0.634187,0.807569,4312000
voicehd,1024,0.638703,0.824888,5948000
voicehd,4096,0.995052,0.842848,15632000
voicehd,10240,4.039928,0.848621,46000000
voicehd,64,0.638991,0.591405,3052000
voicehd,128,0.658520,0.660038,3264000
voicehd,512,0.635929,0.797947,4360000
voicehd,1024,0.633580,0.830661,5844000
voicehd,4096,0.856018,0.840924,17160000
voicehd,10240,4.062217,0.844772,45100000
voicehd,64,0.634275,0.511225,3184000
voicehd,128,0.635799,0.643361,3252000
voicehd,512,0.740023,0.803079,4352000
voicehd,1024,0.640704,0.831302,5832000
voicehd,4096,0.796402,0.837075,15760000
voicehd,10240,4.114754,0.849262,45208000
voicehd,64,0.644975,0.545221,3064000
voicehd,128,0.643605,0.649776,3300000
voicehd,512,0.640027,0.784477,4316000
voicehd,1024,0.681964,0.818473,5956000
voicehd,4096,0.811957,0.842848,17060000
voicehd,10240,3.977339,0.847338,45364000
voicehd,64,0.639637,0.493265,3080000
voicehd,128,0.639496,0.682489,3296000
voicehd,512,0.638880,0.806928,4308000
voicehd,1024,0.638738,0.815908,5908000
voicehd,4096,0.866381,0.842848,16840000
voicehd,10240,4.137916,0.852470,44596000
