Application,Dimensions,Time,Accuracy,Memory
languages,64,7.807587,0.660571,10660000
languages,128,6.732604,0.795857,10260000
languages,512,6.447622,0.940381,73696000
languages,1024,17.160764,0.958286,101828000
languages,4096,84.981658,0.973286,119556000
languages,10240,173.552080,0.975857,124324000
languages,64,6.976314,0.655762,10688000
languages,128,7.621936,0.798048,10332000
languages,512,7.476208,0.945143,42932000
languages,1024,13.860450,0.960524,102356000
languages,4096,75.102175,0.971762,119680000
languages,10240,155.145359,0.974286,124376000
languages,64,7.011516,0.632857,10628000
languages,128,7.544863,0.814619,10292000
languages,512,7.535724,0.938857,75516000
languages,1024,16.317160,0.960429,100144000
languages,4096,63.459633,0.973905,118704000
languages,10240,234.920806,0.975714,124424000
languages,64,6.023443,0.643286,10744000
languages,128,7.450908,0.793238,10276000
languages,512,8.024861,0.944238,67396000
languages,1024,15.407192,0.959048,97568000
languages,4096,60.945828,0.972333,118808000
languages,10240,182.323660,0.975524,124524000
languages,64,7.388232,0.645143,10824000
languages,128,7.752172,0.796191,10208000
languages,512,7.973106,0.937095,70600000
languages,1024,18.046233,0.960381,100568000
languages,4096,79.406672,0.972143,119688000
languages,10240,176.545440,0.975286,124288000
emgp,64,0.055546,0.867089,2596000
emgp,128,0.056731,0.987342,3104000
emgp,512,0.041613,0.993671,5544000
emgp,1024,0.038419,0.981013,8788000
emgp,4096,0.300562,0.993671,28852000
emgp,10240,0.808539,0.993671,66944000
emgp,64,0.051850,0.936709,2564000
emgp,128,0.052466,0.974684,3100000
emgp,512,0.041493,0.968354,5524000
emgp,1024,0.039152,0.993671,8912000
emgp,4096,0.318163,0.987342,28672000
emgp,10240,1.115378,0.993671,67048000
emgp,64,0.059831,0.981013,2560000
emgp,128,0.052937,0.968354,3116000
emgp,512,0.036932,0.987342,5516000
emgp,1024,0.047100,0.993671,8820000
emgp,4096,0.270668,0.993671,28952000
emgp,10240,1.000494,0.993671,67000000
emgp,64,0.057505,0.898734,2492000
emgp,128,0.057461,0.974684,3104000
emgp,512,0.037335,0.993671,5476000
emgp,1024,0.041624,0.993671,8824000
emgp,4096,0.312475,0.987342,28836000
emgp,10240,0.832274,0.981013,67024000
emgp,64,0.062442,0.981013,2608000
emgp,128,0.055022,0.930380,3152000
emgp,512,0.041103,0.974684,5552000
emgp,1024,0.040925,0.981013,8908000
emgp,4096,0.279951,0.993671,28896000
emgp,10240,1.007866,0.993671,66884000
emgpp,64,0.037720,0.878378,2612000
emgpp,128,0.052418,0.959459,3136000
emgpp,512,0.037002,0.993243,5524000
emgpp,1024,0.041632,0.993243,8688000
emgpp,4096,0.293193,0.986486,28292000
emgpp,10240,0.835412,0.993243,65596000
emgpp,64,0.040753,0.952703,2548000
emgpp,128,0.042843,0.939189,3140000
emgpp,512,0.036973,0.986486,5424000
emgpp,1024,0.036996,0.986486,8616000
emgpp,4096,0.362477,0.986486,27336000
emgpp,10240,0.772983,0.993243,65720000
emgpp,64,0.047142,0.885135,2544000
emgpp,128,0.036149,0.986486,3136000
emgpp,512,0.033398,0.959459,5428000
emgpp,1024,0.036711,0.986486,8700000
emgpp,4096,0.338799,0.986486,28176000
emgpp,10240,0.994433,0.993243,65596000
emgpp,64,0.055096,0.966216,2600000
emgpp,128,0.039647,0.986486,3100000
emgpp,512,0.038755,0.993243,5468000
emgpp,1024,0.035322,0.993243,8696000
emgpp,4096,0.327404,0.986486,28120000
emgpp,10240,0.691314,0.986486,65648000
emgpp,64,0.037523,0.817568,2528000
emgpp,128,0.049250,0.898649,3088000
emgpp,512,0.036872,0.959459,5408000
emgpp,1024,0.035153,0.979730,8600000
emgpp,4096,0.320216,0.993243,28296000
emgpp,10240,0.984288,0.993243,65640000
emgppp,64,0.048850,0.848276,2552000
emgppp,128,0.046813,0.958621,3136000
emgppp,512,0.037799,0.979310,5412000
emgppp,1024,0.034321,1.000000,8580000
emgppp,4096,0.381024,0.993103,28116000
emgppp,10240,0.849965,0.993103,65056000
emgppp,64,0.049896,0.937931,2544000
emgppp,128,0.047156,1.000000,3144000
emgppp,512,0.038796,0.993103,5440000
emgppp,1024,0.037736,0.993103,8812000
emgppp,4096,0.369892,0.993103,28144000
emgppp,10240,0.668394,0.993103,65172000
emgppp,64,0.052428,0.958621,2484000
emgppp,128,0.037690,0.979310,3036000
emgppp,512,0.036019,0.993103,5400000
emgppp,1024,0.034281,1.000000,8600000
emgppp,4096,0.284602,0.993103,28100000
emgppp,10240,1.036380,0.993103,65216000
emgppp,64,0.038806,0.917241,2596000
emgppp,128,0.043334,0.986207,3036000
emgppp,512,0.033667,1.000000,5372000
emgppp,1024,0.034521,1.000000,8640000
emgppp,4096,0.257854,0.993103,28108000
emgppp,10240,0.773344,0.993103,65116000
emgppp,64,0.048291,0.827586,2552000
emgppp,128,0.033300,0.972414,3088000
emgppp,512,0.032510,0.993103,5456000
emgppp,1024,0.034540,0.993103,8512000
emgppp,4096,0.303379,1.000000,28164000
emgppp,10240,0.913108,0.993103,65176000
emgpppp,64,0.049925,0.881119,2668000
emgpppp,128,0.047146,0.972028,3084000
emgpppp,512,0.039858,0.965035,5376000
emgpppp,1024,0.034521,0.979021,8596000
emgpppp,4096,0.278560,0.972028,27316000
emgpppp,10240,0.862267,0.972028,64432000
emgpppp,64,0.043871,0.916084,2532000
emgpppp,128,0.046245,0.944056,3136000
emgpppp,512,0.034601,0.958042,5424000
emgpppp,1024,0.034823,0.972028,8612000
emgpppp,4096,0.315043,0.972028,27968000
emgpppp,10240,0.973316,0.972028,64920000
emgpppp,64,0.040159,0.881119,2612000
emgpppp,128,0.046150,0.909091,3028000
emgpppp,512,0.034670,0.965035,5384000
emgpppp,1024,0.033879,0.979021,8584000
emgpppp,4096,0.290470,0.965035,27856000
emgpppp,10240,0.996851,0.972028,64812000
emgpppp,64,0.048326,0.937063,2548000
emgpppp,128,0.034864,0.958042,3096000
emgpppp,512,0.042875,0.979021,5388000
emgpppp,1024,0.033941,0.972028,8552000
emgpppp,4096,0.296397,0.972028,27752000
emgpppp,10240,0.832134,0.972028,64924000
emgpppp,64,0.051892,0.867133,2596000
emgpppp,128,0.041594,0.958042,3016000
emgpppp,512,0.037353,0.951049,5392000
emgpppp,1024,0.034220,0.965035,8580000
emgpppp,4096,0.253457,0.972028,27924000
emgpppp,10240,0.812024,0.972028,64864000
emgppppp,64,0.030140,0.891089,2656000
emgppppp,128,0.025293,0.900990,3060000
emgppppp,512,0.024969,0.960396,5036000
emgppppp,1024,0.024415,0.920792,8004000
emgppppp,4096,0.171218,0.990099,25448000
emgppppp,10240,0.551408,0.980198,58880000
emgppppp,64,0.027739,0.910891,2488000
emgppppp,128,0.029177,0.940594,3052000
emgppppp,512,0.025768,0.980198,5104000
emgppppp,1024,0.023971,0.940594,8056000
emgppppp,4096,0.179778,0.920792,25432000
emgppppp,10240,0.594996,0.940594,58772000
emgppppp,64,0.031431,0.861386,2524000
emgppppp,128,0.028129,0.920792,3124000
emgppppp,512,0.026370,0.950495,5144000
emgppppp,1024,0.029064,0.930693,7972000
emgppppp,4096,0.170411,0.950495,25380000
emgppppp,10240,0.559550,0.960396,58848000
emgppppp,64,0.029683,0.881188,2540000
emgppppp,128,0.029308,0.970297,3004000
emgppppp,512,0.026521,0.950495,5104000
emgppppp,1024,0.025467,0.980198,7944000
emgppppp,4096,0.170492,0.950495,25320000
emgppppp,10240,0.528729,0.970297,58708000
emgppppp,64,0.031610,0.920792,2556000
emgppppp,128,0.029593,0.940594,3004000
emgppppp,512,0.027828,0.960396,5080000
emgppppp,1024,0.027185,0.940594,8032000
emgppppp,4096,0.183377,0.960396,25380000
emgppppp,10240,0.534453,0.960396,58836000
mnist,64,5.425781,0.657100,4940000
mnist,128,6.776583,0.696300,5408000
mnist,512,7.212807,0.799600,8088000
mnist,1024,5.667251,0.816900,47676000
mnist,4096,38.517765,0.823300,195100000
mnist,10240,114.754945,0.827600,255696000
mnist,64,5.270560,0.637500,4916000
mnist,128,7.426830,0.727400,5392000
mnist,512,4.593603,0.817500,8076000
mnist,1024,5.936629,0.804600,41708000
mnist,4096,37.542659,0.826900,189932000
mnist,10240,113.023602,0.826900,253980000
mnist,64,7.363069,0.649100,4972000
mnist,128,6.624692,0.739900,5456000
mnist,512,2.734780,0.805400,8124000
mnist,1024,5.939218,0.809700,85164000
mnist,4096,27.775948,0.822600,196136000
mnist,10240,116.047352,0.825800,256444000
mnist,64,4.827958,0.571300,4972000
mnist,128,4.571126,0.728000,5444000
mnist,512,6.505418,0.807800,14500000
mnist,1024,5.522054,0.815800,25016000
mnist,4096,31.334293,0.821500,193368000
mnist,10240,114.268225,0.824300,256184000
mnist,64,6.761561,0.603600,4972000
mnist,128,4.685769,0.754000,5464000
mnist,512,4.182574,0.807300,8124000
mnist,1024,5.365828,0.813600,49680000
mnist,4096,30.627575,0.821500,190528000
mnist,10240,95.512961,0.825500,255388000
voicehd,64,1.422144,0.529185,2852000
voicehd,128,0.915571,0.613214,2976000
voicehd,512,1.786220,0.790892,4076000
voicehd,1024,2.080328,0.819115,5624000
voicehd,4096,2.468830,0.850545,24096000
voicehd,10240,8.886009,0.848621,45952000
voicehd,64,1.169829,0.520205,2784000
voicehd,128,1.340264,0.667736,3000000
voicehd,512,1.835861,0.803720,4068000
voicehd,1024,2.071215,0.822963,5644000
voicehd,4096,2.879895,0.849904,24600000
voicehd,10240,9.205690,0.843489,46124000
voicehd,64,0.838685,0.565106,2912000
voicehd,128,2.204938,0.675433,3036000
voicehd,512,1.881648,0.799872,4132000
voicehd,1024,2.146857,0.809493,5624000
voicehd,4096,2.084715,0.838999,20888000
voicehd,10240,10.082492,0.851187,46224000
voicehd,64,1.722503,0.520205,2768000
voicehd,128,1.024440,0.654907,3028000
voicehd,512,1.853597,0.807569,4068000
voicehd,1024,2.131307,0.810135,5560000
voicehd,4096,2.351741,0.838999,21356000
voicehd,10240,8.819661,0.845414,46448000
voicehd,64,0.936828,0.512508,2848000
voicehd,128,1.051002,0.675433,3032000
voicehd,512,1.829426,0.790892,4080000
voicehd,1024,2.031419,0.825529,5628000
voicehd,4096,2.451802,0.845414,22672000
voicehd,10240,9.679751,0.851187,46472000
