Application,Dimensions,Time,Accuracy,Memory
language recognition,64,179.85281133651733,0.49833333333333335,295133000.0
language recognition,128,187.35138869285583,0.7058571428571428,295883000.0
language recognition,512,232.90572452545166,0.918,298473000.0
language recognition,1024,239.49784922599792,0.947047619047619,301480000.0
language recognition,4096,316.8072967529297,0.9688095238095238,315520000.0
language recognition,10240,686.449812412262,0.9743809523809523,304895000.0
language recognition,64,182.36953902244568,0.4880952380952381,295395000.0
language recognition,128,192.39962673187256,0.6901904761904762,295695000.0
language recognition,512,226.05793929100037,0.914952380952381,298254000.0
language recognition,1024,237.37041854858398,0.9489047619047619,319508000.0
language recognition,4096,355.3585784435272,0.969047619047619,325551000.0
language recognition,10240,718.7162985801697,0.9745714285714285,294457000.0
language recognition,64,180.07519054412842,0.5275238095238095,296531000.0
language recognition,128,187.96063041687012,0.7081904761904761,295691000.0
language recognition,512,233.70254611968994,0.9155714285714286,299496000.0
language recognition,1024,232.7578637599945,0.9530952380952381,300637000.0
language recognition,4096,326.24915885925293,0.9704761904761905,317453000.0
language recognition,10240,689.258049249649,0.9730952380952381,360434000.0
language recognition,64,180.8067331314087,0.5260476190476191,295109000.0
language recognition,128,193.5129418373108,0.7048095238095238,295680000.0
language recognition,512,230.8970923423767,0.9091428571428571,296891000.0
language recognition,1024,237.99773263931274,0.9498571428571428,300562000.0
language recognition,4096,319.0944314002991,0.9691428571428572,319816000.0
language recognition,10240,711.4800159931183,0.9743333333333334,355676000.0
language recognition,64,182.95411658287048,0.5065714285714286,294926000.0
language recognition,128,185.39090752601624,0.7118571428571429,295434000.0
language recognition,512,231.2870602607727,0.9126666666666666,298891000.0
language recognition,1024,236.58482956886292,0.9481428571428572,300926000.0
language recognition,4096,317.01931142807007,0.9699047619047619,318289000.0
language recognition,10240,602.0202281475067,0.9735238095238096,317629000.0
emgp,64,0.8638124465942383,0.8734177215189873,264469000.0
emgpp,64,0.8747835159301758,0.8243243243243243,274332000.0
emgppp,64,0.7751743793487549,0.46206896551724136,267858999.99999997
emgpppp,64,0.8408191204071045,0.8461538461538461,266726999.99999997
emgppppp,64,0.6294867992401123,0.8415841584158416,260922000.00000003
emgp,128,1.05739426612854,0.8607594936708861,265180000.0
emgpp,128,0.9851772785186768,0.8040540540540541,274789000.0
emgppp,128,0.966705322265625,0.9724137931034482,273891000.0
emgpppp,128,0.9360542297363281,0.9230769230769231,266156000.0
emgppppp,128,0.6437931060791016,0.7227722772277227,261648000.00000003
emgp,512,1.2247052192687988,0.9810126582278481,285562000.0
emgpp,512,1.1459429264068604,0.9459459459459459,278043000.0
emgppp,512,1.1588444709777832,0.9862068965517241,287457000.0
emgpppp,512,1.161543846130371,0.972027972027972,280270000.0
emgppppp,512,0.8280961513519287,0.9306930693069307,284605000.0
emgp,1024,1.7723565101623535,0.9746835443037974,311645000.0
emgpp,1024,1.6507420539855957,0.972972972972973,297688000.0
emgppp,1024,1.593862771987915,0.9862068965517241,307598000.0
emgpppp,1024,1.6250340938568115,0.951048951048951,315090000.0
emgppppp,1024,1.2618112564086914,1.0,310602000.0
emgp,4096,5.072571039199829,0.9746835443037974,480328000.0
emgpp,4096,4.980407476425171,0.9256756756756757,437250000.0
emgppp,4096,4.88470196723938,1.0,420207000.0
emgpppp,4096,4.762679576873779,1.0,497125000.0
emgppppp,4096,3.1732029914855957,0.9801980198019802,468164000.0
emgp,10240,17.897793769836426,0.9873417721518988,490973000.0
emgpp,10240,17.938431978225708,0.9662162162162162,543762000.0
emgppp,10240,18.872257232666016,1.0,471035000.0
emgpppp,10240,16.975772619247437,0.993006993006993,429680000.0
emgppppp,10240,11.918628931045532,0.9801980198019802,536258000.00000006
emgp,64,0.8195338249206543,0.9240506329113924,269277000.0
emgpp,64,0.8743488788604736,0.9256756756756757,263202999.99999997
emgppp,64,0.8969931602478027,0.7724137931034483,261785000.00000003
emgpppp,64,0.7481789588928223,0.6923076923076923,264910000.00000003
emgppppp,64,0.6113801002502441,0.8316831683168316,258094000.0
emgp,128,0.9512808322906494,0.9430379746835443,271395000.0
emgpp,128,0.959587574005127,0.9459459459459459,271141000.0
emgppp,128,0.8202416896820068,0.9241379310344827,264339999.99999997
emgpppp,128,0.9690628051757812,0.8111888111888111,263926000.0
emgppppp,128,0.6387825012207031,0.8712871287128713,264089999.99999997
emgp,512,1.2565176486968994,0.9430379746835443,291113000.0
emgpp,512,1.104569435119629,0.9391891891891891,278984000.0
emgppp,512,1.1710288524627686,0.9586206896551724,274617000.0
emgpppp,512,1.1488780975341797,0.9790209790209791,283574000.0
emgppppp,512,0.8270938396453857,0.9702970297029703,292758000.0
emgp,1024,1.9055099487304688,0.9493670886075949,323551000.0
emgpp,1024,1.5557832717895508,0.9864864864864865,311531000.0
emgppp,1024,1.7110967636108398,0.9724137931034482,299445000.0
emgpppp,1024,1.769601583480835,0.958041958041958,295219000.0
emgppppp,1024,1.2684094905853271,0.9603960396039604,294430000.0
emgp,4096,5.103710651397705,0.9936708860759493,476848000.0
emgpp,4096,5.072490215301514,0.9797297297297297,415664000.0
emgppp,4096,4.698468923568726,1.0,481219000.0
emgpppp,4096,5.161824703216553,0.965034965034965,312840000.0
emgppppp,4096,3.2637856006622314,0.9603960396039604,311082000.0
emgp,10240,18.589802503585815,0.9936708860759493,557680000.0
emgpp,10240,17.097487449645996,0.9864864864864865,519922000.0
emgppp,10240,19.48990535736084,1.0,516582000.0
emgpppp,10240,18.22017478942871,0.9790209790209791,492176000.0
emgppppp,10240,12.617746829986572,0.9801980198019802,528875000.0
emgp,64,0.9621920585632324,0.9050632911392406,265851999.99999997
emgpp,64,0.913501501083374,0.7972972972972973,264238000.0
emgppp,64,0.76601243019104,0.9172413793103448,263695000.0
emgpppp,64,0.8933415412902832,0.6783216783216783,266551000.0
emgppppp,64,0.6003503799438477,0.8514851485148515,259777000.0
emgp,128,1.0434331893920898,0.9240506329113924,271648000.0
emgpp,128,0.9634363651275635,0.972972972972973,264195000.0
emgppp,128,0.9666643142700195,0.9655172413793104,275453000.0
emgpppp,128,0.931229829788208,0.9090909090909091,264676000.0
emgppppp,128,0.6808924674987793,0.9405940594059405,272184000.0
emgp,512,1.1370923519134521,0.9556962025316456,290562000.0
emgpp,512,1.0429503917694092,0.9391891891891891,277309000.0
emgppp,512,1.1110851764678955,0.9793103448275862,282156000.0
emgpppp,512,1.1748485565185547,0.9370629370629371,286430000.0
emgppppp,512,0.8039824962615967,0.9801980198019802,280504000.0
emgp,1024,1.7321088314056396,0.9810126582278481,315086000.0
emgpp,1024,1.6150212287902832,0.9662162162162162,302121000.0
emgppp,1024,1.5353155136108398,0.993103448275862,313469000.0
emgpppp,1024,1.6757416725158691,0.9370629370629371,327285000.0
emgppppp,1024,1.2493762969970703,0.9702970297029703,305020000.0
emgp,4096,5.069827318191528,0.9746835443037974,497129000.0
emgpp,4096,4.690535545349121,0.9662162162162162,415688000.0
emgppp,4096,4.746433734893799,0.993103448275862,500250000.0
emgpppp,4096,5.394389867782593,0.9440559440559441,480797000.0
emgppppp,4096,3.6930992603302,0.9900990099009901,459559000.0
emgp,10240,17.920088291168213,0.9936708860759493,548621000.0
emgpp,10240,17.734643697738647,0.9594594594594594,501871000.0
emgppp,10240,17.368692874908447,1.0,490641000.0
emgpppp,10240,18.39185357093811,0.9790209790209791,510988000.0
emgppppp,10240,13.121641635894775,0.9900990099009901,460367000.0
emgp,64,0.9535527229309082,0.43670886075949367,267730000.00000003
emgpp,64,0.9132766723632812,0.8243243243243243,269188000.0
emgppp,64,0.9143998622894287,0.8758620689655172,269012000.0
emgpppp,64,0.8629765510559082,0.7972027972027972,264483999.99999997
emgppppp,64,0.6261417865753174,0.7722772277227723,260402000.0
emgp,128,1.0648410320281982,0.9050632911392406,265250000.0
emgpp,128,0.914233922958374,0.9459459459459459,270645000.0
emgppp,128,0.9129750728607178,0.9310344827586207,272406000.0
emgpppp,128,0.9639899730682373,0.8601398601398601,264995999.99999997
emgppppp,128,0.6301383972167969,0.9603960396039604,270344000.0
emgp,512,1.3047575950622559,0.9873417721518988,289719000.0
emgpp,512,1.0630722045898438,0.9662162162162162,278395000.0
emgppp,512,1.0651545524597168,1.0,280352000.0
emgpppp,512,1.0972328186035156,0.9370629370629371,285062000.0
emgppppp,512,0.8382995128631592,0.9702970297029703,287898000.0
emgp,1024,1.7334871292114258,0.9683544303797469,315688000.0
emgpp,1024,1.63590407371521,0.9864864864864865,309773000.0
emgppp,1024,1.5017168521881104,0.993103448275862,303320000.0
emgpppp,1024,1.5277609825134277,0.9440559440559441,328266000.0
emgppppp,1024,1.3519108295440674,0.9603960396039604,308914000.0
emgp,4096,4.895468235015869,0.9936708860759493,513457000.0
emgpp,4096,4.8710761070251465,0.9527027027027027,480941000.0
emgppp,4096,4.745762586593628,0.9862068965517241,485574000.0
emgpppp,4096,4.755581378936768,0.9790209790209791,415551000.0
emgppppp,4096,3.3083012104034424,0.9702970297029703,487895000.0
emgp,10240,17.796171188354492,1.0,534301000.00000006
emgpp,10240,17.988153219223022,0.9662162162162162,429871000.0
emgppp,10240,16.97335696220398,1.0,531234000.00000006
emgpppp,10240,18.23915719985962,0.965034965034965,428070000.0
emgppppp,10240,11.24445366859436,0.9801980198019802,558488000.0
emgp,64,0.8233892917633057,0.7721518987341772,262469000.0
emgpp,64,0.9328773021697998,0.777027027027027,263031000.0
emgppp,64,0.8338742256164551,0.8689655172413793,265629000.00000003
emgpppp,64,0.8910107612609863,0.7412587412587412,262964999.99999997
emgppppp,64,0.6141147613525391,0.9405940594059405,261000000.0
emgp,128,1.0780994892120361,0.8670886075949367,264391000.00000003
emgpp,128,0.992171049118042,0.9256756756756757,270297000.0
emgppp,128,0.9321401119232178,0.9655172413793104,272180000.0
emgpppp,128,0.9627702236175537,0.8811188811188811,264164000.0
emgppppp,128,0.6422562599182129,0.8613861386138614,265516000.00000003
emgp,512,1.280730962753296,0.9746835443037974,275602000.0
emgpp,512,1.1457271575927734,0.9594594594594594,289328000.0
emgppp,512,1.0872716903686523,0.9793103448275862,285238000.0
emgpppp,512,1.0632507801055908,0.958041958041958,287797000.0
emgppppp,512,0.8463931083679199,0.9702970297029703,276906000.0
emgp,1024,1.534670352935791,0.9683544303797469,293309000.0
emgpp,1024,1.5925886631011963,0.9527027027027027,316820000.0
emgppp,1024,1.4270117282867432,1.0,302414000.0
emgpppp,1024,1.5620806217193604,0.9790209790209791,311883000.0
emgppppp,1024,1.1355762481689453,0.9603960396039604,300570000.0
emgp,4096,5.339012384414673,0.9873417721518988,488578000.0
emgpp,4096,4.813044786453247,0.9662162162162162,391246000.0
emgpppp,4096,4.930248022079468,0.9790209790209791,407117000.0
emgppppp,4096,3.079920530319214,0.9801980198019802,447914000.0
emgp,10240,18.78495168685913,0.9936708860759493,429938000.0
emgpp,10240,17.989333629608154,0.9797297297297297,427996000.0
emgppp,10240,17.55326199531555,0.993103448275862,531047000.0
emgpppp,10240,18.700081825256348,0.965034965034965,428621000.0
emgppppp,10240,13.61600923538208,0.9702970297029703,561996000.0
voicehd,64,7.865819931030273,0.3624117970466614,370555000.0
voicehd,128,7.663742542266846,0.5105836987495422,370488000.0
voicehd,512,8.604804992675781,0.7742142677307129,370703000.0
voicehd,1024,9.585016250610352,0.8127004504203796,370629000.0
voicehd,4096,25.932262897491455,0.8415651321411133,381793000.0
voicehd,10240,57.91012001037598,0.843489408493042,515948999.99999994
voicehd,64,7.496854305267334,0.37973058223724365,370375000.0
voicehd,128,7.709034442901611,0.5465041399002075,370324000.0
voicehd,512,8.468430042266846,0.7581782937049866,370461000.0
voicehd,1024,9.705983400344849,0.8030788898468018,370766000.0
voicehd,4096,24.387253761291504,0.8473380208015442,391355000.0
voicehd,10240,58.13340759277344,0.8499037623405457,516530999.99999994
voicehd,64,7.545704126358032,0.42783835530281067,370691000.0
voicehd,128,7.658367872238159,0.5503528118133545,370680000.0
voicehd,512,8.618821144104004,0.783835768699646,370738000.0
voicehd,1024,9.662868976593018,0.8050032258033752,370703000.0
voicehd,4096,24.092931509017944,0.8473380208015442,391457000.0
voicehd,10240,59.070533752441406,0.8511866331100464,492195000.0
voicehd,64,7.461799383163452,0.4015394449234009,370703000.0
voicehd,128,7.777292966842651,0.5554842948913574,370590000.0
voicehd,512,8.679770708084106,0.7318794131278992,370598000.0
voicehd,1024,9.543293476104736,0.8088518381118774,370648000.0
voicehd,4096,23.937494039535522,0.8479794859886169,381863000.0
voicehd,10240,56.72569704055786,0.8499037623405457,415551000.0
voicehd,64,7.378417491912842,0.39255931973457336,370703000.0
voicehd,128,7.692605257034302,0.5003207325935364,370637000.0
voicehd,512,8.433967590332031,0.7498396635055542,370645000.0
voicehd,1024,9.74504828453064,0.7915330529212952,370738000.0
voicehd,4096,24.585742473602295,0.8543938398361206,381820000.0
voicehd,10240,56.815648317337036,0.8486208915710449,415602000.0
mnist,64,59.79155230522156,4.089,323270000.0
mnist,128,58.51176404953003,6.116,324406000.0
mnist,512,70.34418559074402,7.649,336234000.0
mnist,1024,84.09020614624023,7.951,355301000.0
mnist,4096,276.4922218322754,8.226,377145000.0
mnist,10240,898.1271328926086,8.272,635469000.0
mnist,64,57.81836295127869,4.996,323211000.0
mnist,128,60.00997567176819,6.1,323957000.0
mnist,512,70.44337248802185,7.582,340516000.0
mnist,1024,85.98773860931396,8.075,354852000.0
mnist,4096,273.8292362689972,8.207,377023000.0
mnist,10240,894.3271598815918,8.304,635789000.0
mnist,64,59.159000635147095,4.565,323133000.0
mnist,128,60.38923501968384,6.155,323961000.0
mnist,512,70.64253377914429,7.629,340637000.0
mnist,1024,84.03615307807922,8.028,347629000.0
mnist,4096,282.43822288513184,8.188,377113000.0
mnist,10240,900.0630621910095,8.264,635812000.0
mnist,64,58.36963248252869,4.17,323520000.0
mnist,128,60.54527187347412,6.1,324426000.0
mnist,512,68.96018934249878,7.589,338805000.0
mnist,1024,85.28547763824463,7.985,356723000.0
mnist,4096,275.54537892341614,8.231,377172000.0
mnist,10240,900.0982360839844,8.263,635715000.0
mnist,64,59.8412983417511,4.834,323211000.0
mnist,128,59.57874250411987,6.239,327172000.0
mnist,512,70.55228066444397,7.623,339160000.0
mnist,1024,85.2138237953186,7.906,355562000.0
mnist,4096,271.2849152088165,8.323,377180000.0
mnist,10240,889.7555639743805,8.272,635875000.0
