Application,Dimensions,Time,Accuracy,Memory
languages,64,4.992804,0.649143,11616000
languages,128,4.901269,0.825238,11708000
languages,512,5.134457,0.940095,15484000
languages,1024,4.877799,0.960571,30120000
languages,4096,19.138700,0.972952,140328000
languages,10240,49.759714,0.976429,221820000
emgp,64,0.077520,0.936709,2952000
emgp,128,0.073498,0.955696,3128000
emgp,512,0.063322,0.981013,5760000
emgp,1024,0.056971,0.987342,8964000
emgp,4096,0.452945,0.993671,29344000
emgp,10240,1.410681,0.993671,67824000
emgpp,64,0.078273,0.986486,2888000
emgpp,128,0.070045,0.952703,3080000
emgpp,512,0.058141,0.993243,5656000
emgpp,1024,0.056481,0.986486,8788000
emgpp,4096,0.469266,0.986486,28628000
emgpp,10240,1.375973,0.993243,66464000
emgppp,64,0.049834,0.972414,2884000
emgppp,128,0.072083,0.986207,3080000
emgppp,512,0.061876,0.979310,5672000
emgppp,1024,0.053908,1.000000,8756000
emgppp,4096,0.397243,0.993103,28508000
emgppp,10240,1.336325,1.000000,65980000
emgpppp,64,0.077955,0.825175,2928000
emgpppp,128,0.053325,0.860140,3080000
emgpppp,512,0.057343,0.972028,5620000
emgpppp,1024,0.070113,0.972028,8736000
emgpppp,4096,0.425523,0.965035,28420000
emgpppp,10240,1.348424,0.972028,65444000
emgppppp,64,0.061384,0.841584,2908000
emgppppp,128,0.056547,0.861386,3072000
emgppppp,512,0.036774,0.910891,5380000
emgppppp,1024,0.049065,0.910891,8168000
emgppppp,4096,0.292179,0.970297,25812000
emgppppp,10240,1.133773,0.940594,59488000
mnist,64,5.291167,0.663300,5176000
mnist,128,5.459399,0.716300,5692000
mnist,512,5.344455,0.798200,8324000
mnist,1024,5.136853,0.820800,11976000
mnist,4096,22.227132,0.823600,183544000
mnist,10240,68.315445,0.828700,249664000
voicehd,64,0.998842,0.555484,3056000
voicehd,128,0.933840,0.632457,3284000
voicehd,512,1.116334,0.806928,4296000
voicehd,1024,1.157332,0.813342,5892000
voicehd,4096,2.709324,0.843489,26120000
voicehd,10240,6.970968,0.846055,47496000
