Application,Dimensions,Time,Accuracy,Memory
languages,64,199.58971428871155,0.5078095238095238,337812000.0
languages,128,207.3235583305359,0.6764761904761905,338285000.0
languages,512,303.66009068489075,0.9135714285714286,339094000.0
languages,1024,327.1713330745697,0.9467142857142857,339961000.0
languages,4096,390.72829723358154,0.9705714285714285,345047000.0
languages,10240,1989.7682008743286,0.9726190476190476,399391000.0
emgp,64,0.6393096446990967,0.9556962025316456,270711000.0
emgpp,64,0.5765280723571777,0.9054054054054054,271887000.0
emgppp,64,0.5384771823883057,0.9448275862068966,268391000.00000003
emgpppp,64,0.5387463569641113,0.8881118881118881,269750000.0
emgppppp,64,0.4282877445220947,0.9306930693069307,262387000.0
emgp,128,0.6410956382751465,0.9810126582278481,265832000.0
emgpp,128,0.5808281898498535,0.9594594594594594,264957000.0
emgppp,128,0.5976588726043701,0.9862068965517241,266332000.0
emgpppp,128,0.558821439743042,0.9300699300699301,266160000.00000003
emgppppp,128,0.4255404472351074,0.9603960396039604,271094000.0
emgp,512,0.7007243633270264,1.0,276199000.0
emgpp,512,0.6533198356628418,0.972972972972973,267574000.0
emgppp,512,0.6437876224517822,1.0,268715000.0
emgpppp,512,0.6379952430725098,0.965034965034965,268973000.0
emgppppp,512,0.46241283416748047,0.9504950495049505,284531000.0
emgp,1024,0.9226160049438477,0.9810126582278481,292562000.0
emgpp,1024,0.8058278560638428,0.9864864864864865,290316000.0
emgppp,1024,0.9459865093231201,0.9862068965517241,301074000.0
emgpppp,1024,0.8991184234619141,0.951048951048951,286074000.0
emgppppp,1024,0.6380772590637207,0.9702970297029703,302566000.0
emgp,4096,5.282851934432983,0.9936708860759493,372750000.0
emgpp,4096,4.439836740493774,0.9594594594594594,388316000.0
emgppp,4096,6.531175136566162,0.9862068965517241,385895000.0
emgpppp,4096,2.562568187713623,0.965034965034965,403852000.0
emgppppp,4096,4.243640184402466,0.9900990099009901,328383000.0
emgp,10240,20.979719400405884,0.9873417721518988,383461000.0
emgpp,10240,19.690085887908936,0.972972972972973,382406000.0
emgppp,10240,19.982190370559692,1.0,382512000.0
emgpppp,10240,19.20901918411255,0.972027972027972,383047000.0
emgppppp,10240,13.801521301269531,0.9801980198019802,380977000.0
voicehd,64,11.158385992050171,0.3996151387691498,368324000.0
voicehd,128,11.032594442367554,0.4939063489437103,368125000.0
voicehd,512,11.894345760345459,0.7677998542785645,370688000.0
voicehd,1024,13.6938157081604,0.8210391402244568,370828000.0
voicehd,4096,23.981314182281494,0.842848002910614,381855000.0
voicehd,10240,70.68443250656128,0.8511866331100464,493992000.0
mnist,64,71.88649153709412,0.468,334883000.0
mnist,128,74.45572185516357,0.567,325742000.0
mnist,512,81.14291477203369,0.729,338586000.0
mnist,1024,97.65636563301086,0.768,353973000.0
mnist,4096,195.19993615150452,0.794,377148000.0
mnist,10240,1383.560602903366,0.805,633500000.0
