Application,Dimensions,Time,Accuracy,Memory
languages,64,3.428366,0.636952,11068000
languages,128,3.558285,0.801476,10552000
languages,512,3.664482,0.943048,10408000
languages,1024,3.865907,0.957905,13752000
languages,4096,15.153384,0.972000,97668000
languages,10240,81.294900,0.976048,123932000
languages,64,3.575177,0.636476,11092000
languages,128,3.556649,0.810619,10532000
languages,512,3.567347,0.939905,10408000
languages,1024,3.858658,0.959429,11016000
languages,4096,15.179196,0.974048,97532000
languages,10240,81.819708,0.975810,124116000
languages,64,3.620172,0.642429,11128000
languages,128,3.565287,0.797429,10568000
languages,512,3.826259,0.935381,10412000
languages,1024,3.750584,0.960048,22840000
languages,4096,15.206365,0.973857,99056000
languages,10240,84.110888,0.976143,124512000
languages,64,3.606962,0.639048,11044000
languages,128,3.393499,0.809810,10612000
languages,512,3.665850,0.940048,10472000
languages,1024,3.792877,0.960048,16536000
languages,4096,15.251379,0.972143,97680000
languages,10240,79.322426,0.975048,124088000
languages,64,3.497284,0.656667,11068000
languages,128,3.541864,0.797238,10624000
languages,512,3.689510,0.939952,10420000
languages,1024,3.927335,0.961619,10868000
languages,4096,15.170140,0.973571,97528000
languages,10240,81.496131,0.975952,126764000
emgp,64,0.030948,0.949367,2824000
emgp,128,0.030120,0.962025,5256000
emgp,512,0.034117,0.993671,6808000
emgp,1024,0.045394,0.981013,11076000
emgp,4096,0.106710,0.993671,30868000
emgp,10240,0.476294,0.993671,69896000
emgp,64,0.029896,0.981013,2844000
emgp,128,0.030351,0.993671,5236000
emgp,512,0.029996,0.993671,6932000
emgp,1024,0.039213,0.981013,11088000
emgp,4096,0.105200,0.993671,31044000
emgp,10240,0.454295,0.993671,69940000
emgp,64,0.029756,0.930380,2772000
emgp,128,0.030280,0.974684,5228000
emgp,512,0.030201,0.993671,6828000
emgp,1024,0.042507,0.981013,11072000
emgp,4096,0.105062,0.981013,30984000
emgp,10240,0.452258,0.993671,69908000
emgp,64,0.029994,0.949367,2820000
emgp,128,0.030042,0.955696,5216000
emgp,512,0.035261,0.981013,6804000
emgp,1024,0.041607,0.987342,11040000
emgp,4096,0.110337,0.987342,31228000
emgp,10240,0.425740,0.987342,69892000
emgp,64,0.029619,0.981013,2824000
emgp,128,0.029739,0.981013,5212000
emgp,512,0.030464,0.993671,6808000
emgp,1024,0.042879,0.987342,11020000
emgp,4096,0.104041,0.987342,30604000
emgp,10240,0.451558,0.993671,69772000
emgpp,64,0.028627,0.912162,2864000
emgpp,128,0.029191,0.993243,5100000
emgpp,512,0.028946,0.993243,6728000
emgpp,1024,0.038620,0.966216,10800000
emgpp,4096,0.101928,0.993243,29932000
emgpp,10240,0.407382,0.986486,68368000
emgpp,64,0.029489,0.952703,2872000
emgpp,128,0.028604,0.898649,5080000
emgpp,512,0.037059,0.986486,6796000
emgpp,1024,0.037528,0.993243,10772000
emgpp,4096,0.100068,0.993243,30268000
emgpp,10240,0.439353,0.986486,68032000
emgpp,64,0.029844,0.986486,2820000
emgpp,128,0.029048,0.986486,5092000
emgpp,512,0.028412,0.966216,6724000
emgpp,1024,0.040177,0.993243,10824000
emgpp,4096,0.101904,0.993243,30468000
emgpp,10240,0.415171,0.993243,68344000
emgpp,64,0.028555,0.878378,2876000
emgpp,128,0.028732,0.986486,5128000
emgpp,512,0.028553,0.993243,6672000
emgpp,1024,0.037729,0.993243,10808000
emgpp,4096,0.101123,0.986486,30560000
emgpp,10240,0.421419,0.986486,68428000
emgpp,64,0.028736,0.824324,2892000
emgpp,128,0.028467,0.898649,5076000
emgpp,512,0.028642,0.986486,6668000
emgpp,1024,0.038795,0.993243,10828000
emgpp,4096,0.101264,0.993243,30236000
emgpp,10240,0.418027,0.986486,68256000
emgppp,64,0.027834,0.937931,2844000
emgppp,128,0.027679,0.958621,5064000
emgppp,512,0.028010,0.986207,6676000
emgppp,1024,0.037061,1.000000,10672000
emgppp,4096,0.097997,0.993103,29780000
emgppp,10240,0.390334,0.993103,67824000
emgppp,64,0.027705,0.931035,2836000
emgppp,128,0.027466,0.979310,5160000
emgppp,512,0.028204,0.979310,6608000
emgppp,1024,0.037641,0.986207,10724000
emgppp,4096,0.097804,0.993103,30180000
emgppp,10240,0.462982,0.993103,67832000
emgppp,64,0.028249,0.972414,2832000
emgppp,128,0.027235,0.937931,5008000
emgppp,512,0.031479,0.986207,6676000
emgppp,1024,0.037471,1.000000,10804000
emgppp,4096,0.097149,0.993103,29688000
emgppp,10240,0.418763,1.000000,67924000
emgppp,64,0.027717,0.958621,2876000
emgppp,128,0.027497,0.896552,5088000
emgppp,512,0.028353,1.000000,6676000
emgppp,1024,0.037793,0.993103,10680000
emgppp,4096,0.097916,0.993103,30064000
emgppp,10240,0.405912,0.993103,67456000
emgppp,64,0.027212,0.924138,2796000
emgppp,128,0.027619,0.993103,5164000
emgppp,512,0.027563,0.993103,6632000
emgppp,1024,0.036984,0.993103,10724000
emgppp,4096,0.093276,0.993103,30068000
emgppp,10240,0.443334,0.993103,67940000
emgpppp,64,0.027209,0.853147,2940000
emgpppp,128,0.027649,0.937063,5128000
emgpppp,512,0.027498,0.965035,6732000
emgpppp,1024,0.035460,0.979021,10640000
emgpppp,4096,0.099698,0.972028,29856000
emgpppp,10240,0.389641,0.972028,67460000
emgpppp,64,0.027277,0.888112,2820000
emgpppp,128,0.026893,0.972028,5008000
emgpppp,512,0.027701,0.965035,6652000
emgpppp,1024,0.039041,0.972028,10616000
emgpppp,4096,0.091323,0.972028,29920000
emgpppp,10240,0.418286,0.972028,67564000
emgpppp,64,0.027128,0.923077,2868000
emgpppp,128,0.027506,0.902098,5076000
emgpppp,512,0.031497,0.972028,6636000
emgpppp,1024,0.035922,0.972028,10668000
emgpppp,4096,0.094200,0.972028,30036000
emgpppp,10240,0.370511,0.972028,67568000
emgpppp,64,0.026999,0.860140,2888000
emgpppp,128,0.027342,0.923077,5004000
emgpppp,512,0.027348,0.972028,6668000
emgpppp,1024,0.036125,0.972028,10640000
emgpppp,4096,0.093058,0.972028,29644000
emgpppp,10240,0.423798,0.972028,67552000
emgpppp,64,0.027054,0.881119,2824000
emgpppp,128,0.027544,0.930070,5008000
emgpppp,512,0.031642,0.965035,6604000
emgpppp,1024,0.039211,0.972028,10636000
emgpppp,4096,0.098816,0.965035,29920000
emgpppp,10240,0.396991,0.972028,67424000
emgppppp,64,0.019372,0.861386,2820000
emgppppp,128,0.019272,0.910891,4460000
emgppppp,512,0.019415,0.970297,6036000
emgppppp,1024,0.025012,0.910891,9524000
emgppppp,4096,0.068248,0.970297,26932000
emgppppp,10240,0.289907,0.970297,60996000
emgppppp,64,0.019477,0.881188,2820000
emgppppp,128,0.019461,0.881188,4564000
emgppppp,512,0.019231,0.891089,6104000
emgppppp,1024,0.026023,0.970297,9544000
emgppppp,4096,0.070086,0.970297,26876000
emgppppp,10240,0.291087,0.980198,61052000
emgppppp,64,0.020105,0.940594,2812000
emgppppp,128,0.019126,0.861386,4488000
emgppppp,512,0.019429,0.891089,6088000
emgppppp,1024,0.026010,0.970297,9564000
emgppppp,4096,0.068625,0.950495,26720000
emgppppp,10240,0.286332,0.970297,61036000
emgppppp,64,0.019101,0.821782,2856000
emgppppp,128,0.018863,0.900990,4456000
emgppppp,512,0.019634,0.910891,6108000
emgppppp,1024,0.027845,0.970297,9560000
emgppppp,4096,0.070948,0.970297,26952000
emgppppp,10240,0.292699,0.970297,61004000
emgppppp,64,0.019246,0.920792,2836000
emgppppp,128,0.019591,0.970297,4492000
emgppppp,512,0.019192,0.950495,6160000
emgppppp,1024,0.025354,0.891089,9544000
emgppppp,4096,0.066619,0.960396,26876000
emgppppp,10240,0.273649,0.960396,60888000
mnist,64,2.958067,0.655500,9032000
mnist,128,3.147744,0.720200,13452000
mnist,512,4.978944,0.803500,51992000
mnist,1024,13.003384,0.815000,197808000
mnist,4096,55.738691,0.824300,454444000
mnist,10240,150.940290,0.827200,884296000
mnist,64,2.911675,0.560500,9008000
mnist,128,3.127125,0.721100,13552000
mnist,512,4.984532,0.810900,53076000
mnist,1024,13.007458,0.808400,185340000
mnist,4096,55.334821,0.827100,454124000
mnist,10240,149.851764,0.824600,884644000
mnist,64,2.894911,0.661400,9084000
mnist,128,3.063905,0.710700,13440000
mnist,512,4.925409,0.801600,110264000
mnist,1024,13.043784,0.807300,187264000
mnist,4096,55.349348,0.823900,454740000
mnist,10240,150.456833,0.824300,884752000
mnist,64,2.876385,0.659800,9040000
mnist,128,2.974076,0.737500,13428000
mnist,512,5.018985,0.812600,118544000
mnist,1024,12.991583,0.803000,188472000
mnist,4096,55.469639,0.821300,454860000
mnist,10240,149.475300,0.824800,884728000
mnist,64,2.895798,0.634000,9040000
mnist,128,3.128244,0.729800,13408000
mnist,512,5.071565,0.788800,113624000
mnist,1024,12.962461,0.803200,186216000
mnist,4096,55.440437,0.819800,457204000
mnist,10240,149.587936,0.826300,884300000
voicehd,64,0.656907,0.456062,6056000
voicehd,128,0.639491,0.664529,9312000
voicehd,512,0.730059,0.803079,28968000
voicehd,1024,1.146434,0.836434,57100000
voicehd,4096,5.166953,0.839641,224188000
voicehd,10240,15.562458,0.848621,540508000
voicehd,64,0.659192,0.557409,6072000
voicehd,128,0.638264,0.665170,9356000
voicehd,512,0.733762,0.797306,29076000
voicehd,1024,1.132078,0.829378,56712000
voicehd,4096,5.148618,0.849904,224192000
voicehd,10240,15.835889,0.844772,540484000
voicehd,64,0.642301,0.528544,6064000
voicehd,128,0.640850,0.657473,9404000
voicehd,512,0.701551,0.794740,29008000
voicehd,1024,1.131398,0.822963,57200000
voicehd,4096,5.085317,0.853752,224116000
voicehd,10240,15.711863,0.849904,540680000
voicehd,64,0.638482,0.497114,6096000
voicehd,128,0.634997,0.647851,9396000
voicehd,512,0.724203,0.805003,28964000
voicehd,1024,1.148696,0.810135,56660000
voicehd,4096,5.123632,0.846697,224672000
voicehd,10240,15.501498,0.848621,540452000
voicehd,64,0.639357,0.531110,6144000
voicehd,128,0.639441,0.606158,9340000
voicehd,512,0.712298,0.780629,28956000
voicehd,1024,1.153915,0.824246,56500000
voicehd,4096,5.127878,0.835151,225264000
voicehd,10240,16.159472,0.848621,540476000
