Application,Dimensions,Time,Accuracy,Memory
languages,64,5.632215,0.622524,10004000
languages,128,4.802250,0.748524,9796000
languages,512,12.243788,0.899048,85440000
languages,1024,25.595933,0.930809,105956000
languages,4096,136.600390,0.957190,120496000
languages,10240,438.134180,0.978333,124748000
emgp,64,0.056376,0.936709,1968000
emgp,128,0.057298,0.962025,2124000
emgp,512,0.137087,0.987342,5520000
emgp,1024,0.350430,0.987342,9192000
emgp,4096,1.955067,0.993671,28236000
emgp,10240,6.022793,0.981013,66328000
emgpp,64,0.052997,0.972973,1900000
emgpp,128,0.058580,0.979730,2160000
emgpp,512,0.133288,0.952703,5276000
emgpp,1024,0.338929,0.986486,8492000
emgpp,4096,1.783890,0.993243,27792000
emgpp,10240,5.467111,0.986486,64956000
emgppp,64,0.051200,0.903448,1944000
emgppp,128,0.056662,0.944828,2148000
emgppp,512,0.128661,1.000000,5332000
emgppp,1024,0.383148,1.000000,8808000
emgppp,4096,1.799247,0.993103,27536000
emgppp,10240,5.374667,1.000000,64464000
emgpppp,64,0.050831,0.937063,1964000
emgpppp,128,0.052247,0.930070,2196000
emgpppp,512,0.131529,0.965035,5212000
emgpppp,1024,0.331073,0.972028,8872000
emgpppp,4096,1.736452,0.972028,27400000
emgpppp,10240,5.387488,0.972028,64180000
emgppppp,64,0.038855,0.871287,1956000
emgppppp,128,0.036526,0.900990,2244000
emgppppp,512,0.094874,0.970297,4688000
emgppppp,1024,0.230291,0.920792,7612000
emgppppp,4096,1.238735,0.950495,24740000
emgppppp,10240,3.659225,0.970297,58192000
mnist,64,5.991952,0.596500,4208000
mnist,128,5.719536,0.731500,4680000
mnist,512,13.213315,0.821000,110240000
mnist,1024,33.146220,0.815400,163816000
mnist,4096,220.382196,0.819900,213232000
mnist,10240,535.223048,0.822400,260072000
voicehd,64,1.268220,0.458627,2088000
voicehd,128,1.240786,0.661963,2388000
voicehd,512,1.330458,0.813983,6128000
voicehd,1024,3.567308,0.821681,13716000
voicehd,4096,23.840102,0.851828,28192000
voicehd,10240,70.656476,0.847979,46800000