Application,Dimensions,Time,Accuracy,Memory
languages,64,7.506393,0.603810,8580000
languages,128,13.532986,0.790381,62884000
languages,512,57.352326,0.936952,101992000
languages,1024,107.314034,0.962333,109572000
languages,4096,501.239751,0.973714,114820000
languages,10240,2054.318556,0.976429,117316000
emgp,64,0.077538,0.955696,1856000
emgp,128,0.089252,0.974684,2240000
emgp,512,0.327337,0.987342,6180000
emgp,1024,0.556832,0.993671,9316000
emgp,4096,2.636428,0.993671,28392000
emgp,10240,8.108998,0.993671,66196000
emgpp,64,0.072975,0.986486,1960000
emgpp,128,0.083511,0.993243,2244000
emgpp,512,0.357147,0.986486,5692000
emgpp,1024,0.520145,0.993243,8748000
emgpp,4096,2.464831,0.993243,27564000
emgpp,10240,7.856781,0.993243,64944000
emgppp,64,0.070073,0.882759,1936000
emgppp,128,0.084377,0.993103,2236000
emgppp,512,0.300135,0.986207,5036000
emgppp,1024,0.521813,0.993103,8768000
emgppp,4096,2.414766,1.000000,27496000
emgppp,10240,7.433446,0.993103,64452000
emgpppp,64,0.069590,0.895105,1928000
emgpppp,128,0.081173,0.839161,2228000
emgpppp,512,0.299808,0.965035,5688000
emgpppp,1024,0.495789,0.972028,8700000
emgpppp,4096,2.389524,0.972028,27312000
emgpppp,10240,7.435540,0.972028,64164000
emgppppp,64,0.047918,0.940594,1932000
emgppppp,128,0.066288,0.980198,2292000
emgppppp,512,0.215594,0.940594,5304000
emgppppp,1024,0.352890,0.970297,8152000
emgppppp,4096,1.671718,0.980198,24920000
emgppppp,10240,5.132652,0.960396,58324000
mnist,64,8.489917,0.639000,3184000
mnist,128,9.256399,0.703200,3764000
mnist,512,32.816813,0.786500,148432000
mnist,1024,54.796611,0.816800,167772000
mnist,4096,262.212812,0.822800,210788000
mnist,10240,730.117802,0.823300,257256000
voicehd,64,2.851154,0.466966,2044000
voicehd,128,2.855225,0.640154,2224000
voicehd,512,3.876639,0.799230,4144000
voicehd,1024,6.052825,0.826812,10992000
voicehd,4096,29.594251,0.847338,27336000
voicehd,10240,86.108391,0.852470,46372000
