Application,Dimensions,Time,Accuracy,Memory
emgp,64,0.992418,0.981013,1992000
emgp,128,0.999818,0.949367,2520000
emgp,512,3.741138,0.974684,5408000
emgp,1024,6.934734,0.974684,9268000
emgp,4096,37.555664,0.993671,28556000
emgp,10240,153.906208,0.993671,66552000
emgpp,64,0.829085,0.898649,1940000
emgpp,128,1.059629,0.945946,2452000
emgpp,512,2.814874,0.993243,5120000
emgpp,1024,7.002605,0.986486,8384000
emgpp,4096,36.297807,0.979730,27692000
emgpp,10240,101.523552,0.986486,65228000
emgppp,64,0.816270,0.944828,1956000
emgppp,128,1.087925,1.000000,2920000
emgppp,512,3.000958,1.000000,5628000
emgppp,1024,6.552471,0.993103,8856000
emgppp,4096,37.279609,0.993103,27680000
emgppp,10240,98.960114,0.993103,64724000
emgpppp,64,0.894343,0.902098,1980000
emgpppp,128,1.007725,0.965035,2648000
emgpppp,512,2.689538,0.972028,5668000
emgpppp,1024,5.817257,0.965035,8804000
emgpppp,4096,43.175924,0.972028,27448000
emgpppp,10240,97.110401,0.972028,64404000
emgppppp,64,0.610754,0.930693,1916000
emgppppp,128,0.685609,0.910891,2568000
emgppppp,512,2.121977,0.910891,4752000
emgppppp,1024,4.129073,0.960396,7808000
emgppppp,4096,24.061351,0.960396,24756000
emgppppp,10240,69.466684,0.980198,58424000
mnist,64,113.221040,0.580100,4312000
mnist,128,108.906185,0.758000,4704000
mnist,512,382.476895,0.799100,128052000
mnist,1024,612.835527,0.815400,168732000
mnist,4096,3460.370541,0.827600,212060000
mnist,10240,11628.849406,0.826700,260116000
voicehd,64,17.327274,0.521488,2204000
voicehd,128,18.770726,0.665811,2388000
voicehd,512,40.952123,0.785119,4768000
voicehd,1024,79.237521,0.830019,13232000
voicehd,4096,360.157648,0.847979,27908000
voicehd,10240,1128.168982,0.854394,46860000
languages,64,82.384969,0.621095,10132000
languages,128,159.912570,0.794095,11280000
languages,512,785.171052,0.937762,103948000
languages,1024,1861.076655,0.960524,115920000
languages,4096,9838.909912,0.972190,122340000

