Application,Dimensions,Time,Accuracy,Memory
emgp,64,4.5478675365448,0.8860759493670886,209559000.0
emgpp,64,4.121113061904907,0.8986486486486487,207332000.0
emgppp,64,3.9966063499450684,0.8896551724137931,204762000.0
emgpppp,64,4.004465579986572,0.8741258741258742,204746000.0
emgppppp,64,2.770967960357666,0.9108910891089109,202703000.0
emgp,128,5.150947332382202,0.9620253164556962,205129000.0
emgpp,128,4.901521682739258,0.9256756756756757,207156000.0
emgppp,128,4.842522859573364,0.9517241379310345,209473000.0
emgpppp,128,4.742835760116577,0.8461538461538461,206219000.0
emgppppp,128,3.3043949604034424,0.9108910891089109,208543000.0
emgp,512,12.680487394332886,0.9936708860759493,220352000.0
emgpp,512,12.178767919540405,0.9594594594594594,221727000.0
emgppp,512,11.81095838546753,0.9862068965517241,221105000.0
emgpppp,512,11.583037853240967,0.958041958041958,227355000.0
emgppppp,512,8.434256315231323,0.9801980198019802,227137000.0
emgp,1024,18.50354266166687,1.0,259839999.99999997
emgpp,1024,17.090341806411743,0.9797297297297297,254922000.0
emgppp,1024,19.749194145202637,1.0,251277000.0
emgpppp,1024,16.309443950653076,0.9300699300699301,259402000.0
emgppppp,1024,11.692847967147827,0.9900990099009901,238242000.0
emgp,4096,49.62700438499451,0.9873417721518988,408609000.0
emgpp,4096,44.01591730117798,0.9594594594594594,413668000.0
emgppp,4096,42.66179084777832,0.9862068965517241,344449000.0
emgpppp,4096,44.227317571640015,0.9790209790209791,348078000.0
emgppppp,4096,30.790740966796875,0.9504950495049505,396445000.0
emgp,10240,153.11851739883423,0.9936708860759493,500117000.0
emgpp,10240,144.22362327575684,0.9594594594594594,464000000.0
emgppp,10240,141.67225742340088,1.0,462250000.0
emgpppp,10240,135.95779657363892,0.965034965034965,460633000.0
emgppppp,10240,102.63911008834839,0.9702970297029703,460230000.0
emgp,64,4.964601278305054,0.7341772151898734,205000000.0
emgpp,64,4.032904624938965,0.75,203109000.0
emgppp,64,3.8531618118286133,0.903448275862069,204863000.0
emgpppp,64,3.8638594150543213,0.8041958041958042,204977000.0
emgppppp,64,2.757748603820801,0.7821782178217822,200590000.0
emgp,128,5.147549629211426,0.9493670886075949,208574000.0
emgpp,128,4.8324785232543945,0.8513513513513513,207594000.0
emgppp,128,4.996437072753906,0.9310344827586207,208547000.0
emgpppp,128,4.619261741638184,0.8671328671328671,205934000.0
emgppppp,128,3.354971170425415,0.9504950495049505,207238000.0
emgp,512,12.493803977966309,0.9746835443037974,231617000.0
emgpp,512,11.996608018875122,0.972972972972973,223957000.0
emgppp,512,11.495189428329468,0.993103448275862,225422000.0
emgpppp,512,11.584794282913208,0.958041958041958,224477000.0
emgppppp,512,8.317180395126343,0.9504950495049505,223062000.0
emgp,1024,17.933008670806885,0.9683544303797469,250773000.0
emgpp,1024,18.823373317718506,0.9864864864864865,246859000.0
emgppp,1024,16.94214153289795,0.9793103448275862,243613000.0
emgpppp,1024,16.645217180252075,0.951048951048951,247188000.0
emgppppp,1024,11.701525449752808,0.9702970297029703,247520000.0
emgp,4096,48.76507496833801,0.9873417721518988,420883000.0
emgpp,4096,42.83237671852112,0.9662162162162162,359820000.0
emgppp,4096,42.08099007606506,0.9793103448275862,427855000.0
emgpppp,4096,46.09056639671326,0.958041958041958,355004000.0
emgppppp,4096,29.302432775497437,0.9900990099009901,396395000.0
emgp,10240,144.1332926750183,0.9936708860759493,490797000.0
emgpp,10240,136.44407057762146,0.9594594594594594,463684000.0
emgppp,10240,139.8851556777954,0.993103448275862,481285000.0
emgpppp,10240,138.96213126182556,1.0,451469000.0
emgppppp,10240,96.8604645729065,0.9801980198019802,428793000.0
emgp,64,4.152343034744263,0.9746835443037974,204121000.0
emgpp,64,3.8686020374298096,0.9054054054054054,203457000.0
emgppp,64,3.9702675342559814,0.8206896551724138,202930000.0
emgpppp,64,3.87770676612854,0.7692307692307693,203766000.0
emgppppp,64,2.713055372238159,0.7722772277227723,201730000.0
emgp,128,5.302108287811279,0.9240506329113924,208215000.0
emgpp,128,4.903406381607056,0.8986486486486487,207887000.0
emgppp,128,4.817606449127197,0.9241379310344827,205297000.0
emgpppp,128,4.665263414382935,0.8671328671328671,203840000.0
emgppppp,128,3.2872672080993652,0.9207920792079208,207688000.0
emgp,512,13.141124248504639,0.9746835443037974,225797000.0
emgpp,512,12.467825412750244,0.9527027027027027,223750000.0
emgppp,512,11.734870195388794,0.9862068965517241,227273000.0
emgpppp,512,12.012787818908691,0.9370629370629371,223898000.0
emgppppp,512,8.104639053344727,0.9207920792079208,217602000.0
emgp,1024,18.275319576263428,0.9746835443037974,259719000.0
emgpp,1024,17.80219531059265,0.9527027027027027,254223000.0
emgppp,1024,17.320802450180054,0.9724137931034482,257839999.99999997
emgpppp,1024,16.940183877944946,0.951048951048951,251098000.0
emgppppp,1024,14.603130340576172,0.9801980198019802,238793000.0
emgp,4096,49.8842568397522,1.0,416965000.0
emgpp,4096,42.3699996471405,0.9797297297297297,432199000.0
emgppp,4096,44.48257493972778,1.0,408250000.0
emgpppp,4096,42.42132759094238,0.958041958041958,441254000.0
emgppppp,4096,38.27653241157532,0.9900990099009901,452738000.0
emgp,10240,152.36762976646423,0.9873417721518988,440016000.0
emgpp,10240,138.06093668937683,0.9391891891891891,484566000.0
emgppp,10240,132.03793168067932,1.0,467344000.0
emgpppp,10240,131.7705729007721,0.986013986013986,450629000.0
emgppppp,10240,96.12328791618347,1.0,464168000.0
emgp,64,4.6240761280059814,0.8291139240506329,204855000.0
emgpp,64,4.076449871063232,0.8378378378378378,208625000.0
emgppp,64,4.069451570510864,0.8620689655172413,204117000.0
emgpppp,64,3.9773800373077393,0.8881118881118881,203551000.0
emgppppp,64,2.7368268966674805,0.7425742574257426,200410000.0
emgp,128,5.274545431137085,0.9620253164556962,210398000.0
emgpp,128,4.917566776275635,0.8986486486486487,206203000.0
emgppp,128,4.63092041015625,0.9724137931034482,206891000.0
emgpppp,128,4.72199273109436,0.7622377622377622,205484000.0
emgppppp,128,3.418250799179077,0.9108910891089109,202297000.0
emgp,512,12.874801397323608,1.0,225926000.0
emgpp,512,11.931540966033936,0.8986486486486487,222492000.0
emgppp,512,11.657049417495728,0.9862068965517241,227016000.0
emgpppp,512,11.519867181777954,0.951048951048951,230379000.0
emgppppp,512,8.347657203674316,0.9900990099009901,224113000.0
emgp,1024,21.022324085235596,0.9683544303797469,267832000.0
emgpp,1024,17.471451997756958,0.9594594594594594,263684000.00000003
emgppp,1024,17.481234550476074,0.993103448275862,258797000.00000003
emgpppp,1024,16.713001489639282,0.9300699300699301,239500000.0
emgppppp,1024,11.833021640777588,0.9702970297029703,242707000.0
emgp,4096,49.119216203689575,1.0,426043000.0
emgpp,4096,44.41570281982422,0.918918918918919,373535000.0
emgppp,4096,42.71873998641968,0.9862068965517241,369887000.0
emgpppp,4096,42.477283000946045,0.972027972027972,440047000.0
emgppppp,4096,29.838873147964478,0.9801980198019802,400582000.0
emgp,10240,148.34411478042603,0.9936708860759493,461988000.0
emgpp,10240,141.21673154830933,0.9662162162162162,468453000.0
emgppp,10240,136.2634310722351,1.0,508855000.0
emgpppp,10240,122.58411693572998,0.958041958041958,452414000.0
emgppppp,10240,92.8660957813263,0.9900990099009901,529238000.00000006
emgp,64,4.552776336669922,0.8607594936708861,204121000.0
emgpp,64,4.063733339309692,0.9256756756756757,203957000.0
emgppp,64,3.8950867652893066,0.9103448275862069,203691000.0
emgpppp,64,3.9965715408325195,0.7412587412587412,204746000.0
emgppppp,64,2.9335811138153076,0.9108910891089109,201250000.0
emgp,128,5.413262128829956,0.9746835443037974,206020000.0
emgpp,128,4.806468725204468,0.8851351351351351,206176000.0
emgppp,128,4.8428027629852295,0.9862068965517241,207531000.0
emgpppp,128,4.7803614139556885,0.8951048951048951,205195000.0
emgppppp,128,3.9206738471984863,0.9306930693069307,205836000.0
emgp,512,12.926032066345215,0.9556962025316456,225523000.0
emgpp,512,12.321025848388672,0.9459459459459459,224578000.0
emgppp,512,11.552027463912964,1.0,225652000.0
emgpppp,512,11.329153537750244,0.965034965034965,223836000.0
emgppppp,512,8.053570985794067,0.9900990099009901,224332000.0
emgp,1024,19.37084197998047,1.0,252711000.0
emgpp,1024,17.25147557258606,0.972972972972973,251195000.0
emgppp,1024,16.75285768508911,0.9862068965517241,250625000.0
emgpppp,1024,17.05676579475403,0.951048951048951,226293000.0
emgppppp,1024,11.541090488433838,0.9801980198019802,255594000.0
emgp,4096,50.88258600234985,0.9936708860759493,409527000.0
emgpp,4096,42.93592858314514,0.9459459459459459,392277000.0
emgppp,4096,43.34819769859314,1.0,447637000.0
emgpppp,4096,40.39536094665527,0.993006993006993,419383000.0
emgppppp,4096,29.78771162033081,0.9900990099009901,400777000.0
emgp,10240,158.16582942008972,0.9810126582278481,493949000.0
emgpp,10240,139.89753675460815,0.9256756756756757,439789000.0
emgppp,10240,130.74021005630493,0.993103448275862,500301000.0
emgpppp,10240,136.84243154525757,0.9440559440559441,538422000.0
emgppppp,10240,97.82747316360474,0.9702970297029703,473988000.0
voicehd,64,39.51346230506897,0.34445157647132874,279746000.0
voicehd,128,39.182628870010376,0.5728030800819397,281004000.0
voicehd,512,56.96953225135803,0.764592707157135,280922000.0
voicehd,1024,76.97752523422241,0.8120589852333069,280254000.0
voicehd,4096,201.08867144584656,0.8402822613716125,292918000.0
voicehd,10240,570.056414604187,0.8499037623405457,476070000.0
voicehd,64,35.28638815879822,0.45606157183647156,280355000.0
voicehd,128,40.89060425758362,0.5452212691307068,280672000.0
voicehd,512,57.89240026473999,0.7697241902351379,280434000.0
voicehd,1024,77.96858286857605,0.8050032258033752,280238000.0
voicehd,4096,201.9522249698639,0.8447722792625427,292008000.0
voicehd,10240,558.1747312545776,0.8486208915710449,524386999.99999994
voicehd,64,36.20693564414978,0.35150736570358276,279742000.0
voicehd,128,38.971843242645264,0.5805003046989441,280199000.0
voicehd,512,60.87228560447693,0.74663245677948,281320000.0
voicehd,1024,78.66223978996277,0.806927502155304,280355000.0
voicehd,4096,199.71899104118347,0.8473380208015442,293586000.0
voicehd,10240,489.21753907203674,0.8537524342536926,329277000.0
voicehd,64,33.666929721832275,0.37973058223724365,280324000.0
voicehd,128,37.291330099105835,0.566388726234436,280754000.0
voicehd,512,53.994210958480835,0.7447081208229065,280094000.0
voicehd,1024,72.71491861343384,0.801154613494873,280320000.0
voicehd,4096,194.05986857414246,0.8479794859886169,291668000.0
voicehd,10240,456.3500518798828,0.8479794859886169,523582000.0
voicehd,64,33.61654877662659,0.3976908326148987,281062000.0
voicehd,128,37.28871011734009,0.5195637941360474,281012000.0
voicehd,512,54.02946472167969,0.7453495860099792,280984000.0
voicehd,1024,72.98623085021973,0.8127004504203796,280762000.0
voicehd,4096,193.14450597763062,0.8492623567581177,291508000.0
voicehd,10240,504.88301062583923,0.8511866331100464,500344000.0
mnist,64,101.61656355857849,0.5119,224863000.0
mnist,128,113.72842192649841,0.562,225637000.0
mnist,512,168.68005895614624,0.7529,226359000.0
mnist,1024,225.87651801109314,0.8143,249438000.0
mnist,4096,639.2854061126709,0.8292,351219000.0
mnist,10240,1433.8654770851135,0.8347,539941000.0
mnist,64,107.62841010093689,0.4292,225461000.0
mnist,128,117.9156723022461,0.5688,224906000.0
mnist,512,166.46821928024292,0.7507,226586000.0
mnist,1024,226.68495321273804,0.7925,266476999.99999997
mnist,4096,647.0678353309631,0.8272,352156000.0
mnist,10240,2459.304814338684,0.8353,478406000.0
mnist,64,106.94073414802551,0.5032,226363000.0
mnist,128,118.19226861000061,0.5825,224977000.0
mnist,512,165.7545998096466,0.7654,226348000.0
mnist,1024,229.13027262687683,0.803,265973000.0
mnist,4096,662.0572311878204,0.8313,353008000.0
mnist,10240,2457.034613132477,0.8359,539141000.0
mnist,64,109.19619727134705,0.4467,225676000.0
mnist,128,117.59493589401245,0.6175,224949000.0
mnist,512,168.58698987960815,0.7686,226699000.0
mnist,1024,231.45638298988342,0.813,248117000.0
mnist,4096,645.3770544528961,0.8231,350371000.0
mnist,10240,1643.2672622203827,0.8327,484191000.0
mnist,64,110.54559779167175,0.4256,225551000.0
mnist,128,121.58264994621277,0.5862,225023000.0
mnist,512,164.65506744384766,0.7635,226328000.0
mnist,1024,225.92299342155457,0.7993,249613000.0
mnist,4096,630.4151086807251,0.8289,351887000.0
mnist,10240,1963.9856848716736,0.8336,541473000.0
