Application,Dimensions,Time,Accuracy,Memory
emgp,64,0.124975,0.974684,14848000
emgp,128,0.123680,0.981013,15168000
emgp,512,0.124721,0.993671,16768000
emgp,1024,0.126720,0.981013,18944000
emgp,4096,0.265855,0.981013,39040000
emgp,10240,0.896561,0.981013,80192000
emgpp,64,0.116455,0.932432,14848000
emgpp,128,0.115925,0.972973,15168000
emgpp,512,0.117709,0.993243,16768000
emgpp,1024,0.119299,0.986486,18944000
emgpp,4096,0.223189,0.966216,38272000
emgpp,10240,0.869096,0.993243,79616000
emgppp,64,0.115592,0.972414,14848000
emgppp,128,0.112608,0.986207,15168000
emgppp,512,0.113477,0.986207,16768000
emgppp,1024,0.119094,1.000000,19008000
emgppp,4096,0.258570,1.000000,39360000
emgppp,10240,0.810345,0.993103,79104000
emgpppp,64,0.114362,0.937063,14848000
emgpppp,128,0.112176,0.916084,15168000
emgpppp,512,0.113526,0.965035,16704000
emgpppp,1024,0.115526,0.972028,19008000
emgpppp,4096,0.244152,0.972028,38144000
emgpppp,10240,0.717292,0.965035,78720000
emgppppp,64,0.079193,0.900990,14848000
emgppppp,128,0.077725,0.900990,15168000
emgppppp,512,0.079046,0.970297,16704000
emgppppp,1024,0.081362,0.910891,18944000
emgppppp,4096,0.204362,0.920792,38528000
emgppppp,10240,0.595054,0.900990,72768000
mnist,64,11.822754,0.662200,17280000
mnist,128,11.680889,0.727600,17728000
mnist,512,11.827983,0.805200,20416000
mnist,1024,11.754344,0.808900,24128000
mnist,4096,11.627181,0.826400,45952000
mnist,10240,58.257660,0.822500,235968000
voicehd,64,2.120677,0.485568,15104000
voicehd,128,2.112940,0.664529,15232000
voicehd,512,2.100708,0.797306,16448000
voicehd,1024,2.110572,0.814625,17920000
voicehd,4096,2.123485,0.837716,27008000
voicehd,10240,4.876400,0.850545,5376000
languages,64,11.294694,0.649952,22208000
languages,128,10.861627,0.810000,22272000
languages,512,10.848880,0.942952,22400000
languages,1024,10.786632,0.955857,22592000
languages,4096,19.432192,0.973238,90560000
languages,10240,48.367711,0.975190,130688000
