Application,Dimensions,Time,Accuracy,Memory
languages,64,4.110448,0.641762,10636000
languages,128,4.049300,0.798333,10360000
languages,512,7.231214,0.938905,67240000
languages,1024,15.090402,0.959476,96700000
languages,4096,65.975101,0.974429,119236000
languages,10240,180.962750,0.975476,124044000
languages,64,4.176811,0.627810,10604000
languages,128,4.285693,0.796095,10260000
languages,512,8.157524,0.940810,62364000
languages,1024,16.858974,0.960857,97100000
languages,4096,68.374600,0.973000,118964000
languages,10240,187.502424,0.976762,124340000
languages,64,4.234055,0.634619,10656000
languages,128,4.364989,0.812857,10148000
languages,512,8.327761,0.943238,57380000
languages,1024,17.822171,0.961810,98772000
languages,4096,69.615494,0.973286,118556000
languages,10240,189.902633,0.975143,124340000
languages,64,4.259367,0.621238,10528000
languages,128,4.427182,0.794619,10240000
languages,512,8.438909,0.940571,60920000
languages,1024,17.448660,0.960571,95676000
languages,4096,70.178676,0.973714,118884000
languages,10240,191.817111,0.975143,124364000
languages,64,4.240276,0.650381,10688000
languages,128,4.442146,0.803952,10148000
languages,512,8.446096,0.943524,63624000
languages,1024,17.497304,0.959714,94976000
languages,4096,70.789268,0.972429,118612000
languages,10240,192.430256,0.974857,124240000
emgp,64,0.053382,0.993671,2456000
emgp,128,0.046843,0.955696,2868000
emgp,512,0.051360,0.993671,5380000
emgp,1024,0.075874,0.981013,9296000
emgp,4096,0.360387,0.981013,28688000
emgp,10240,0.988777,0.993671,67052000
emgp,64,0.051801,0.424051,2436000
emgp,128,0.050204,0.981013,2824000
emgp,512,0.046334,0.981013,5560000
emgp,1024,0.073496,0.987342,9412000
emgp,4096,0.328333,0.993671,28800000
emgp,10240,1.322759,0.987342,67024000
emgp,64,0.049777,0.943038,2440000
emgp,128,0.052378,0.987342,2792000
emgp,512,0.050154,0.993671,5516000
emgp,1024,0.074620,0.981013,9380000
emgp,4096,0.344927,0.987342,28820000
emgp,10240,0.998547,0.993671,67052000
emgp,64,0.050590,0.968354,2584000
emgp,128,0.047202,0.936709,2796000
emgp,512,0.048932,0.993671,5464000
emgp,1024,0.072590,0.993671,8984000
emgp,4096,0.330462,0.981013,28992000
emgp,10240,1.126880,0.993671,66912000
emgp,64,0.050021,0.955696,2628000
emgp,128,0.048990,0.987342,2736000
emgp,512,0.047077,0.987342,5444000
emgp,1024,0.076072,0.993671,9016000
emgp,4096,0.359081,0.987342,29056000
emgp,10240,0.833215,0.993671,66896000
emgpp,64,0.050432,0.891892,2572000
emgpp,128,0.046815,0.986486,2804000
emgpp,512,0.043584,0.993243,5380000
emgpp,1024,0.067822,0.986486,8892000
emgpp,4096,0.316276,0.986486,28316000
emgpp,10240,0.954232,0.993243,65592000
emgpp,64,0.046665,0.918919,2640000
emgpp,128,0.040754,0.966216,2868000
emgpp,512,0.045808,0.966216,5380000
emgpp,1024,0.068812,0.986486,8940000
emgpp,4096,0.337284,0.986486,28380000
emgpp,10240,0.883086,0.993243,65500000
emgpp,64,0.043854,0.945946,2508000
emgpp,128,0.044992,1.000000,2828000
emgpp,512,0.047109,0.986486,5324000
emgpp,1024,0.075856,0.993243,8900000
emgpp,4096,0.295159,0.986486,28360000
emgpp,10240,0.893198,0.993243,65712000
emgpp,64,0.045221,0.885135,2584000
emgpp,128,0.048607,0.986486,2824000
emgpp,512,0.045815,0.993243,5420000
emgpp,1024,0.069900,0.986486,8752000
emgpp,4096,0.311850,0.966216,28240000
emgpp,10240,1.067900,0.993243,65528000
emgpp,64,0.049357,0.979730,2440000
emgpp,128,0.049195,0.925676,2864000
emgpp,512,0.045303,1.000000,5380000
emgpp,1024,0.066983,0.993243,9024000
emgpp,4096,0.325896,0.986486,28308000
emgpp,10240,1.010273,0.986486,65600000
emgppp,64,0.050017,0.965517,2460000
emgppp,128,0.047122,0.993103,2820000
emgppp,512,0.043498,0.993103,5252000
emgppp,1024,0.065977,0.993103,9200000
emgppp,4096,0.385275,0.993103,28032000
emgppp,10240,1.007475,0.993103,65284000
emgppp,64,0.047550,0.979310,2624000
emgppp,128,0.042299,0.979310,2720000
emgppp,512,0.043420,1.000000,5384000
emgppp,1024,0.067049,0.993103,9160000
emgppp,4096,0.308967,0.993103,28072000
emgppp,10240,1.021027,0.993103,65180000
emgppp,64,0.048777,0.924138,2520000
emgppp,128,0.046883,1.000000,2828000
emgppp,512,0.043203,1.000000,5380000
emgppp,1024,0.066078,1.000000,8924000
emgppp,4096,0.366080,0.993103,28152000
emgppp,10240,1.025467,0.993103,65100000
emgppp,64,0.040499,0.965517,2632000
emgppp,128,0.044385,0.972414,2868000
emgppp,512,0.044330,0.979310,5476000
emgppp,1024,0.064678,0.993103,8620000
emgppp,4096,0.311774,0.993103,28072000
emgppp,10240,1.124398,0.993103,65040000
emgppp,64,0.044000,0.931035,2588000
emgppp,128,0.044086,0.965517,2800000
emgppp,512,0.044029,0.993103,5420000
emgppp,1024,0.066124,0.986207,9176000
emgppp,4096,0.373692,0.993103,27932000
emgppp,10240,1.086823,0.993103,65172000
emgpppp,64,0.046505,0.895105,2512000
emgpppp,128,0.043307,0.944056,2824000
emgpppp,512,0.041758,0.958042,5288000
emgpppp,1024,0.068360,0.972028,8664000
emgpppp,4096,0.292620,0.972028,27856000
emgpppp,10240,0.999170,0.972028,64856000
emgpppp,64,0.043471,0.853147,2460000
emgpppp,128,0.045336,0.930070,2744000
emgpppp,512,0.042938,0.965035,5412000
emgpppp,1024,0.063619,0.958042,9180000
emgpppp,4096,0.345689,0.972028,28004000
emgpppp,10240,0.873589,0.972028,64664000
emgpppp,64,0.049003,0.818182,2532000
emgpppp,128,0.042083,0.937063,2872000
emgpppp,512,0.042395,0.965035,5244000
emgpppp,1024,0.064780,0.965035,9104000
emgpppp,4096,0.286739,0.972028,28028000
emgpppp,10240,0.915739,0.972028,64928000
emgpppp,64,0.048183,0.916084,2432000
emgpppp,128,0.047445,0.909091,2820000
emgpppp,512,0.042334,0.972028,5524000
emgpppp,1024,0.066374,0.965035,8772000
emgpppp,4096,0.307221,0.972028,28032000
emgpppp,10240,0.912471,0.965035,64860000
emgpppp,64,0.049869,0.916084,2436000
emgpppp,128,0.045582,0.937063,2920000
emgpppp,512,0.042357,0.972028,5408000
emgpppp,1024,0.064612,0.972028,9088000
emgpppp,4096,0.333937,0.965035,27684000
emgpppp,10240,0.867808,0.972028,64924000
emgppppp,64,0.021472,0.861386,2572000
emgppppp,128,0.032313,0.960396,2792000
emgppppp,512,0.029648,0.891089,4996000
emgppppp,1024,0.045165,0.940594,8364000
emgppppp,4096,0.206285,0.940594,25184000
emgppppp,10240,0.590953,0.930693,58800000
emgppppp,64,0.033523,0.980198,2568000
emgppppp,128,0.032969,0.970297,2840000
emgppppp,512,0.028941,0.960396,5052000
emgppppp,1024,0.045608,0.960396,8200000
emgppppp,4096,0.219668,0.980198,25208000
emgppppp,10240,0.800181,0.940594,58808000
emgppppp,64,0.019086,0.950495,2436000
emgppppp,128,0.032337,0.970297,2676000
emgppppp,512,0.030661,0.900990,5136000
emgppppp,1024,0.045450,0.980198,8008000
emgppppp,4096,0.199910,0.960396,25416000
emgppppp,10240,0.652877,0.960396,58912000
emgppppp,64,0.033522,0.930693,2528000
emgppppp,128,0.032694,0.930693,2696000
emgppppp,512,0.029552,0.930693,5052000
emgppppp,1024,0.044640,0.960396,8108000
emgppppp,4096,0.213685,0.950495,25312000
emgppppp,10240,0.598918,0.980198,58788000
emgppppp,64,0.031459,0.851485,2524000
emgppppp,128,0.031630,0.950495,2840000
emgppppp,512,0.029264,0.970297,5128000
emgppppp,1024,0.052780,0.970297,8424000
emgppppp,4096,0.220873,0.970297,25328000
emgppppp,10240,0.629419,0.970297,58824000
mnist,64,4.158333,0.618200,4808000
mnist,128,4.407096,0.694300,5272000
mnist,512,4.898988,0.807200,8040000
mnist,1024,6.744505,0.822800,74692000
mnist,4096,31.896118,0.829300,202328000
mnist,10240,88.245557,0.827500,256276000
mnist,64,3.905989,0.645200,4956000
mnist,128,4.830236,0.695900,5380000
mnist,512,5.097640,0.803200,8064000
mnist,1024,6.846517,0.823400,79516000
mnist,4096,32.169816,0.826600,201552000
mnist,10240,89.486671,0.825300,256276000
mnist,64,3.792208,0.658100,4904000
mnist,128,4.674335,0.722800,5272000
mnist,512,5.081566,0.792800,8076000
mnist,1024,6.901035,0.817600,82800000
mnist,4096,32.377235,0.825200,201776000
mnist,10240,90.725476,0.824900,256112000
mnist,64,4.608992,0.647200,4880000
mnist,128,4.667391,0.740900,5468000
mnist,512,5.116777,0.784400,8176000
mnist,1024,7.020164,0.813600,90568000
mnist,4096,32.315611,0.819500,200008000
mnist,10240,91.044875,0.825300,256044000
mnist,64,3.946149,0.651500,4880000
mnist,128,4.758711,0.695600,5368000
mnist,512,5.100915,0.816600,8152000
mnist,1024,7.024693,0.814200,64804000
mnist,4096,32.466570,0.825000,201400000
mnist,10240,89.370518,0.827800,256116000
voicehd,64,0.851915,0.517640,2760000
voicehd,128,0.787611,0.688903,2932000
voicehd,512,0.996182,0.785760,4024000
voicehd,1024,1.062726,0.825529,5512000
voicehd,4096,3.441252,0.849262,25808000
voicehd,10240,13.061464,0.846697,46796000
voicehd,64,0.728199,0.534317,2776000
voicehd,128,0.779842,0.674150,2968000
voicehd,512,1.001533,0.794099,4052000
voicehd,1024,0.979982,0.812700,5516000
voicehd,4096,3.374587,0.840924,25776000
voicehd,10240,13.174665,0.848621,46692000
voicehd,64,0.723683,0.518281,2776000
voicehd,128,0.820284,0.655548,2968000
voicehd,512,0.938742,0.771007,4100000
voicehd,1024,1.058026,0.822963,5512000
voicehd,4096,4.625849,0.831944,25884000
voicehd,10240,12.797324,0.853111,46888000
voicehd,64,0.790232,0.448364,2796000
voicehd,128,0.842571,0.549711,2964000
voicehd,512,0.970685,0.789609,3956000
voicehd,1024,1.050883,0.837716,5436000
voicehd,4096,3.415307,0.847979,26044000
voicehd,10240,13.358653,0.847338,46680000
voicehd,64,0.841817,0.488775,2764000
voicehd,128,0.799128,0.670943,3012000
voicehd,512,0.969611,0.808852,4100000
voicehd,1024,1.064073,0.821039,5512000
voicehd,4096,3.442657,0.847338,26128000
voicehd,10240,14.033009,0.855035,46652000
