Application,Dimensions,Time,Accuracy,Memory
languages,64,4.175949,0.635000,10736000
languages,128,4.038412,0.786905,10284000
languages,512,7.371593,0.941095,66716000
languages,1024,15.415638,0.958524,99404000
languages,4096,66.826253,0.974190,118932000
languages,10240,182.731575,0.975524,124168000
languages,64,4.258490,0.605810,10732000
languages,128,4.325764,0.792524,10288000
languages,512,8.378664,0.941286,60804000
languages,1024,17.318922,0.961429,95436000
languages,4096,70.245222,0.973762,118408000
languages,10240,194.566212,0.975714,123528000
languages,64,4.433820,0.639714,10548000
languages,128,4.516642,0.788429,10136000
languages,512,8.537896,0.942952,69464000
languages,1024,17.880888,0.961429,94568000
languages,4096,73.457154,0.973143,118892000
languages,10240,198.325388,0.975286,124120000
languages,64,4.380886,0.588667,10644000
languages,128,4.644966,0.782238,10284000
languages,512,8.791627,0.939857,70616000
languages,1024,18.252069,0.960048,96572000
languages,4096,75.036120,0.973238,118792000
languages,10240,199.994440,0.974714,124220000
languages,64,4.569768,0.660905,10736000
languages,128,4.578736,0.792762,10300000
languages,512,8.650231,0.940143,66792000
languages,1024,18.183742,0.961476,95020000
languages,4096,73.554207,0.973000,118688000
languages,10240,202.004562,0.976143,124248000
emgp,64,0.052064,0.974684,2632000
emgp,128,0.057599,0.955696,2864000
emgp,512,0.050041,0.993671,6556000
emgp,1024,0.087278,0.968354,11484000
emgp,4096,0.538290,0.987342,30964000
emgp,10240,1.048492,0.993671,69136000
emgp,64,0.046090,0.949367,2544000
emgp,128,0.051415,0.968354,2912000
emgp,512,0.050246,0.974684,6432000
emgp,1024,0.080858,0.987342,11104000
emgp,4096,0.344616,0.993671,31044000
emgp,10240,1.001728,0.993671,69112000
emgp,64,0.054225,0.962025,2532000
emgp,128,0.049271,0.974684,2860000
emgp,512,0.050227,0.981013,6588000
emgp,1024,0.091091,0.987342,11456000
emgp,4096,0.541964,0.987342,31148000
emgp,10240,1.019041,0.987342,69052000
emgp,64,0.050301,0.955696,2540000
emgp,128,0.053831,0.955696,2920000
emgp,512,0.049616,0.968354,6488000
emgp,1024,0.075516,0.993671,10904000
emgp,4096,0.343550,0.987342,30936000
emgp,10240,1.004302,0.993671,69176000
emgp,64,0.053357,0.436709,2580000
emgp,128,0.047642,0.993671,2720000
emgp,512,0.046381,0.974684,6616000
emgp,1024,0.091770,0.993671,11320000
emgp,4096,0.541153,0.993671,31040000
emgp,10240,1.329208,0.993671,69108000
emgpp,64,0.043717,0.959459,2584000
emgpp,128,0.049513,0.972973,2736000
emgpp,512,0.045028,0.945946,6356000
emgpp,1024,0.069512,0.986486,11228000
emgpp,4096,0.332612,0.986486,29888000
emgpp,10240,0.957116,0.986486,67552000
emgpp,64,0.038584,0.959459,2516000
emgpp,128,0.052690,0.905405,2740000
emgpp,512,0.048212,0.986486,6476000
emgpp,1024,0.081608,0.986486,11152000
emgpp,4096,0.507917,0.993243,30152000
emgpp,10240,0.901445,0.993243,67376000
emgpp,64,0.045303,0.925676,2532000
emgpp,128,0.045504,0.986486,2864000
emgpp,512,0.048615,0.959459,6420000
emgpp,1024,0.076048,0.952703,10796000
emgpp,4096,0.352147,0.993243,30348000
emgpp,10240,1.020515,0.986486,67540000
emgpp,64,0.049078,0.898649,2524000
emgpp,128,0.052964,0.925676,2736000
emgpp,512,0.047990,0.993243,6372000
emgpp,1024,0.078923,0.993243,10752000
emgpp,4096,0.468056,0.986486,30220000
emgpp,10240,0.896916,0.986486,67612000
emgpp,64,0.040103,0.912162,2544000
emgpp,128,0.050309,0.979730,2736000
emgpp,512,0.045993,0.959459,6300000
emgpp,1024,0.075743,0.993243,10852000
emgpp,4096,0.320904,0.993243,30356000
emgpp,10240,0.983407,0.993243,67608000
emgppp,64,0.044250,0.965517,2588000
emgppp,128,0.045869,0.986207,2872000
emgppp,512,0.046861,1.000000,6388000
emgppp,1024,0.072136,1.000000,10992000
emgppp,4096,0.490917,0.993103,30048000
emgppp,10240,1.268250,0.993103,67184000
emgppp,64,0.038724,0.951724,2508000
emgppp,128,0.046594,0.931035,2912000
emgppp,512,0.045518,1.000000,6368000
emgppp,1024,0.073337,0.993103,11040000
emgppp,4096,0.338754,1.000000,30072000
emgppp,10240,0.958615,0.993103,67012000
emgppp,64,0.045527,0.944828,2632000
emgppp,128,0.047650,0.972414,2720000
emgppp,512,0.044055,0.993103,6256000
emgppp,1024,0.067990,0.993103,10956000
emgppp,4096,0.457388,1.000000,30180000
emgppp,10240,1.386197,0.993103,67136000
emgppp,64,0.046844,0.951724,2532000
emgppp,128,0.046167,0.993103,2812000
emgppp,512,0.042801,1.000000,6388000
emgppp,1024,0.068430,0.986207,10976000
emgppp,4096,0.334923,0.993103,30116000
emgppp,10240,0.856050,0.993103,67100000
emgppp,64,0.047149,0.958621,2584000
emgppp,128,0.044293,0.979310,2816000
emgppp,512,0.042526,0.993103,6480000
emgppp,1024,0.068531,0.979310,10868000
emgppp,4096,0.305068,0.993103,30072000
emgppp,10240,1.329380,0.993103,67096000
emgpppp,64,0.045892,0.944056,2436000
emgpppp,128,0.043067,0.951049,2744000
emgpppp,512,0.045034,0.965035,6312000
emgpppp,1024,0.073419,0.965035,10736000
emgpppp,4096,0.292683,0.972028,29908000
emgpppp,10240,0.904310,0.972028,66660000
emgpppp,64,0.043950,0.853147,2540000
emgpppp,128,0.047809,0.958042,2796000
emgpppp,512,0.039121,0.965035,6296000
emgpppp,1024,0.069526,0.972028,11048000
emgpppp,4096,0.325129,0.972028,29664000
emgpppp,10240,1.373618,0.972028,66692000
emgpppp,64,0.044910,0.853147,2560000
emgpppp,128,0.042532,0.958042,2916000
emgpppp,512,0.043416,0.965035,6412000
emgpppp,1024,0.077919,0.965035,10552000
emgpppp,4096,0.288011,0.972028,29896000
emgpppp,10240,1.024623,0.972028,66740000
emgpppp,64,0.048171,0.881119,2520000
emgpppp,128,0.044837,0.923077,2800000
emgpppp,512,0.042919,0.951049,6212000
emgpppp,1024,0.070271,0.965035,10736000
emgpppp,4096,0.314442,0.972028,29832000
emgpppp,10240,1.280584,0.972028,66744000
emgpppp,64,0.045284,0.909091,2536000
emgpppp,128,0.044722,0.958042,2844000
emgpppp,512,0.041936,0.972028,6316000
emgpppp,1024,0.066659,0.972028,11072000
emgpppp,4096,0.309512,0.965035,29828000
emgpppp,10240,0.953533,0.972028,66664000
emgppppp,64,0.033870,0.801980,2572000
emgppppp,128,0.031081,0.891089,2864000
emgppppp,512,0.030149,0.980198,5848000
emgppppp,1024,0.047086,0.950495,9448000
emgppppp,4096,0.215716,0.940594,26828000
emgppppp,10240,0.715257,0.970297,60304000
emgppppp,64,0.029240,0.930693,2536000
emgppppp,128,0.032536,0.940594,2800000
emgppppp,512,0.031267,0.980198,5844000
emgppppp,1024,0.048747,0.970297,9544000
emgppppp,4096,0.225019,0.940594,26712000
emgppppp,10240,0.638990,0.970297,60116000
emgppppp,64,0.032842,0.950495,2536000
emgppppp,128,0.031214,0.900990,2848000
emgppppp,512,0.030058,0.930693,5668000
emgppppp,1024,0.048988,0.920792,9488000
emgppppp,4096,0.232401,0.940594,26636000
emgppppp,10240,0.689756,0.940594,60108000
emgppppp,64,0.030956,0.841584,2444000
emgppppp,128,0.032111,0.970297,2788000
emgppppp,512,0.030344,0.950495,5720000
emgppppp,1024,0.058420,0.980198,9356000
emgppppp,4096,0.363065,0.930693,26740000
emgppppp,10240,0.899526,0.970297,60024000
emgppppp,64,0.031998,0.891089,2632000
emgppppp,128,0.031028,0.930693,2736000
emgppppp,512,0.029863,0.910891,5660000
emgppppp,1024,0.052058,0.950495,9724000
emgppppp,4096,0.221769,0.980198,26636000
emgppppp,10240,0.635885,0.970297,60168000
mnist,64,4.416178,0.682800,5772000
mnist,128,4.961195,0.749800,7024000
mnist,512,14.099182,0.787000,136560000
mnist,1024,28.965429,0.820000,178524000
mnist,4096,138.346897,0.826100,262396000
mnist,10240,368.018790,0.826400,385224000
mnist,64,4.866415,0.637600,5672000
mnist,128,5.114557,0.724800,6844000
mnist,512,14.511153,0.800300,128212000
mnist,1024,29.592516,0.806500,177740000
mnist,4096,137.722406,0.821100,262024000
mnist,10240,371.126179,0.825800,385120000
mnist,64,4.959663,0.635500,5644000
mnist,128,5.009375,0.686300,6928000
mnist,512,14.215676,0.814800,130856000
mnist,1024,29.116654,0.813300,177628000
mnist,4096,138.297230,0.823700,261656000
mnist,10240,372.077029,0.824500,385008000
mnist,64,4.803340,0.643000,5640000
mnist,128,4.771506,0.718700,6844000
mnist,512,14.490714,0.812200,130872000
mnist,1024,29.724827,0.815300,176940000
mnist,4096,137.062659,0.820700,261716000
mnist,10240,368.691373,0.822900,385200000
mnist,64,4.954468,0.629200,5712000
mnist,128,4.958771,0.743500,6928000
mnist,512,14.357467,0.799000,134824000
mnist,1024,29.327280,0.816700,177068000
mnist,4096,135.962376,0.824900,262376000
mnist,10240,375.151871,0.825000,384992000
voicehd,64,0.685362,0.532393,3444000
voicehd,128,0.867082,0.629891,4172000
voicehd,512,1.431654,0.797947,11540000
voicehd,1024,2.722507,0.830661,24072000
voicehd,4096,13.249460,0.847338,67924000
voicehd,10240,41.621428,0.849262,145820000
voicehd,64,0.941819,0.565747,3472000
voicehd,128,0.761800,0.673509,4152000
voicehd,512,1.569874,0.765876,10068000
voicehd,1024,3.378161,0.821039,23568000
voicehd,4096,16.568603,0.853752,67308000
voicehd,10240,43.075320,0.849904,145988000
voicehd,64,0.851176,0.534317,3460000
voicehd,128,0.820187,0.667736,4076000
voicehd,512,1.427073,0.792174,9756000
voicehd,1024,3.018314,0.817832,24372000
voicehd,4096,15.823577,0.849262,67132000
voicehd,10240,44.740695,0.848621,145756000
voicehd,64,0.855552,0.549711,3364000
voicehd,128,0.896875,0.656831,4176000
voicehd,512,1.721868,0.806286,9516000
voicehd,1024,3.985749,0.817191,23556000
voicehd,4096,16.735817,0.852470,67320000
voicehd,10240,40.767022,0.851187,145796000
voicehd,64,0.831016,0.580500,3452000
voicehd,128,0.821079,0.622194,4268000
voicehd,512,1.256937,0.788326,9732000
voicehd,1024,3.206698,0.825529,24220000
voicehd,4096,13.817393,0.838358,67780000
voicehd,10240,40.828408,0.851187,145840000
