Application,Dimensions,Time,Accuracy,Memory
language recognition,64,107.35031080245972,0.5152380952380953,324996000.0
language recognition,128,115.19092559814453,0.6970952380952381,323543000.0
language recognition,512,147.20742988586426,0.9117619047619048,326988000.0
language recognition,1024,230.68807983398438,0.9485238095238095,329184000.0
language recognition,4096,1028.3218290805817,0.9692857142857143,345957000.0
language recognition,10240,2196.7569391727448,0.9734285714285714,388934000.0
language recognition,64,110.01137042045593,0.49166666666666664,322844000.0
language recognition,128,114.83117651939392,0.7042857142857143,323742000.0
language recognition,512,142.27686619758606,0.911047619047619,323531000.0
language recognition,1024,222.10118556022644,0.9482380952380952,331801000.0
language recognition,4096,907.9349749088287,0.9692380952380952,337984000.0
language recognition,10240,2072.510815858841,0.973047619047619,389219000.0
language recognition,64,109.04779934883118,0.5090476190476191,323793000.0
language recognition,128,114.67040205001831,0.7185238095238096,323266000.0
language recognition,512,147.43041062355042,0.9051904761904762,327023000.0
language recognition,1024,218.0738880634308,0.9460952380952381,330512000.0
language recognition,4096,886.7651586532593,0.9708095238095238,345797000.0
language recognition,10240,2163.2317430973053,0.9742380952380952,386031000.0
language recognition,64,106.63782691955566,0.5288095238095238,324945000.0
language recognition,128,111.67010569572449,0.701,324934000.0
language recognition,512,140.97849202156067,0.9157142857142857,326098000.0
language recognition,1024,218.04402375221252,0.9498571428571428,329262000.0
language recognition,4096,875.9053890705109,0.9688571428571429,346336000.0
language recognition,10240,2105.9040846824646,0.973047619047619,379457000.0
language recognition,64,105.75950574874878,0.5217142857142857,323750000.0
language recognition,128,110.49267554283142,0.681,323199000.0
language recognition,512,142.60265350341797,0.916,326590000.0
language recognition,1024,216.80871272087097,0.9495714285714286,329180000.0
language recognition,4096,890.3015506267548,0.9680952380952381,345090000.0
language recognition,10240,2538.514157772064,0.973,379141000.0
256
emgp,64,0.4449582099914551,0.9746835443037974,296988000.0
256
emgpp,64,0.4350874423980713,0.9527027027027027,299980000.0
256
emgppp,64,0.4372439384460449,0.9586206896551724,292629000.0
256
emgpppp,64,0.446613073348999,0.27972027972027974,295914000.0
256
emgppppp,64,0.3057386875152588,0.8415841584158416,298262000.0
256
emgp,128,0.6005165576934814,0.879746835443038,296738000.0
256
emgpp,128,0.5548398494720459,0.8108108108108109,293777000.0
256
emgppp,128,0.568511962890625,0.9862068965517241,299668000.0
256
emgpppp,128,0.529449462890625,0.8741258741258742,299312000.0
256
emgppppp,128,0.3693044185638428,0.9603960396039604,298094000.0
256
emgp,512,1.5441672801971436,0.9936708860759493,308727000.0
256
emgpp,512,1.4671916961669922,0.9662162162162162,317750000.0
256
emgppp,512,1.4250876903533936,0.9862068965517241,316590000.0
256
emgpppp,512,1.40909743309021,0.958041958041958,319574000.0
256
emgppppp,512,0.9980933666229248,0.9603960396039604,311000000.0
256
emgp,1024,3.1889963150024414,0.9683544303797469,337316000.0
256
emgpp,1024,2.993420124053955,0.9797297297297297,339809000.0
256
emgppp,1024,2.9562675952911377,0.9862068965517241,329230000.0
256
emgpppp,1024,2.877018690109253,0.9790209790209791,342438000.0
256
emgppppp,1024,2.032740592956543,1.0,344105000.0
256
emgp,4096,11.30269479751587,0.9493670886075949,511891000.0
256
emgpp,4096,10.926799774169922,0.9662162162162162,518405999.99999994
256
emgppp,4096,10.820971012115479,0.9793103448275862,510539000.0
256
emgpppp,4096,10.419049978256226,0.958041958041958,439645000.0
256
emgppppp,4096,7.383949518203735,0.9801980198019802,539887000.0
256
emgp,10240,36.25057506561279,0.9936708860759493,564578000.0
256
emgpp,10240,33.635661125183105,0.9797297297297297,555289000.0
256
emgppp,10240,32.23905801773071,0.993103448275862,555344000.0
256
emgpppp,10240,33.453782081604004,0.965034965034965,538598000.0
256
emgppppp,10240,23.67268681526184,0.9603960396039604,542621000.0
256
emgp,64,0.4405817985534668,0.8544303797468354,297250000.0
256
emgpp,64,0.4133265018463135,0.8243243243243243,299805000.0
256
emgppp,64,0.41242194175720215,0.7793103448275862,299660000.0
256
emgpppp,64,0.4077630043029785,0.9090909090909091,297105000.0
256
emgppppp,64,0.2841508388519287,0.8712871287128713,287953000.0
256
emgp,128,0.6085202693939209,0.9620253164556962,314086000.0
256
emgpp,128,0.5532631874084473,0.8648648648648649,302574000.0
256
emgppp,128,0.5456511974334717,0.9724137931034482,292855000.0
256
emgpppp,128,0.5290017127990723,0.8391608391608392,299453000.0
256
emgppppp,128,0.38904452323913574,0.9306930693069307,290797000.0
256
emgp,512,1.5726432800292969,0.9620253164556962,308582000.0
256
emgpp,512,1.4409167766571045,0.8783783783783784,306332000.0
256
emgppp,512,1.4159045219421387,1.0,303203000.0
256
emgpppp,512,1.3865272998809814,0.916083916083916,307695000.0
256
emgppppp,512,1.005732536315918,0.9108910891089109,322043000.0
256
emgp,1024,3.291459321975708,0.9430379746835443,341871000.0
256
emgpp,1024,3.0717010498046875,0.9527027027027027,338770000.0
256
emgppp,1024,2.9285032749176025,1.0,325777000.0
256
emgpppp,1024,2.8865156173706055,0.9230769230769231,320977000.0
256
emgppppp,1024,2.046431064605713,0.9900990099009901,339418000.0
256
emgp,4096,11.425156593322754,0.9936708860759493,442461000.0
256
emgpp,4096,10.700721979141235,0.9797297297297297,538301000.0
256
emgppp,4096,10.533544301986694,1.0,342434000.0
256
emgpppp,4096,10.358698606491089,0.951048951048951,488797000.0
256
emgppppp,4096,7.578575611114502,0.9900990099009901,463547000.0
256
emgp,10240,36.29490661621094,0.9810126582278481,565066000.0
256
emgpp,10240,34.1679584980011,0.972972972972973,578832000.0
256
emgppp,10240,34.407063484191895,1.0,504973000.0
256
emgpppp,10240,33.63574838638306,0.958041958041958,567199000.0
256
emgppppp,10240,23.59131169319153,0.9900990099009901,565742000.0
256
emgp,64,0.45408010482788086,0.2721518987341772,297012000.0
256
emgpp,64,0.41672801971435547,0.8716216216216216,299754000.0
256
emgppp,64,0.40746569633483887,0.9172413793103448,300227000.0
256
emgpppp,64,0.40456628799438477,0.8811188811188811,297012000.0
256
emgppppp,64,0.2851874828338623,0.801980198019802,298316000.0
256
emgp,128,0.5978620052337646,0.8860759493670886,299766000.0
256
emgpp,128,0.5474605560302734,0.9256756756756757,293793000.0
256
emgppp,128,0.5369167327880859,0.9379310344827586,299352000.0
256
emgpppp,128,0.5385096073150635,0.8881118881118881,299012000.0
256
emgppppp,128,0.382004976272583,0.8712871287128713,299367000.0
256
emgp,512,1.5582995414733887,0.9936708860759493,306477000.0
256
emgpp,512,1.452378511428833,0.9594594594594594,318336000.0
256
emgppp,512,1.3818132877349854,0.9862068965517241,308781000.0
256
emgpppp,512,1.4275314807891846,0.9300699300699301,312691000.0
256
emgppppp,512,1.023024320602417,0.9603960396039604,305230000.0
256
emgp,1024,3.226283550262451,0.9810126582278481,324328000.0
256
emgpp,1024,3.0539021492004395,0.9594594594594594,326520000.0
256
emgppp,1024,2.939572334289551,1.0,354383000.0
256
emgpppp,1024,2.89411997795105,0.9370629370629371,326516000.0
256
emgppppp,1024,2.0478708744049072,0.9801980198019802,348535000.0
256
emgp,4096,11.426647663116455,0.9746835443037974,487621000.0
256
emgpp,4096,10.916507720947266,0.9932432432432432,518741999.99999994
256
emgppp,4096,10.541727781295776,0.993103448275862,437199000.0
256
emgpppp,4096,10.300172567367554,0.9790209790209791,488254000.0
256
emgppppp,4096,7.452048301696777,0.9405940594059405,504734000.0
256
emgp,10240,36.312649965286255,1.0,550770000.0
256
emgpp,10240,33.69483232498169,0.9391891891891891,579410000.0
256
emgppp,10240,34.287933588027954,0.9862068965517241,519265999.99999994
256
emgpppp,10240,31.444087028503418,0.965034965034965,536312000.0
256
emgppppp,10240,23.460888624191284,0.9801980198019802,496141000.0
256
emgp,64,0.45154619216918945,0.8987341772151899,297641000.0
256
emgpp,64,0.41782093048095703,0.8378378378378378,299742000.0
256
emgppp,64,0.43143224716186523,0.9103448275862069,296406000.0
256
emgpppp,64,0.4083089828491211,0.8111888111888111,297223000.0
256
emgppppp,64,0.2914555072784424,0.9207920792079208,298254000.0
256
emgp,128,0.5899257659912109,0.9810126582278481,296332000.0
256
emgpp,128,0.5586800575256348,0.9054054054054054,292758000.0
256
emgppp,128,0.536139965057373,0.9310344827586207,299918000.0
256
emgpppp,128,0.5335338115692139,0.9370629370629371,303246000.0
256
emgppppp,128,0.38439440727233887,0.9306930693069307,301652000.0
256
emgp,512,1.5174272060394287,0.9873417721518988,313734000.0
256
emgpp,512,1.5090320110321045,0.9391891891891891,303391000.0
256
emgppp,512,1.425426959991455,0.9724137931034482,310801000.0
256
emgpppp,512,1.398923635482788,0.9300699300699301,307625000.0
256
emgppppp,512,1.0081236362457275,0.9702970297029703,309863000.0
256
emgp,1024,3.215640068054199,1.0,335188000.0
256
emgpp,1024,2.961862564086914,0.9932432432432432,343031000.0
256
emgppp,1024,3.011665105819702,0.993103448275862,338953000.0
256
emgpppp,1024,2.9133481979370117,0.972027972027972,331312000.0
256
emgppppp,1024,2.0333826541900635,0.9702970297029703,356223000.0
256
emgp,4096,11.683115005493164,0.9936708860759493,487578000.0
256
emgpp,4096,11.240985631942749,0.9662162162162162,418250000.0
256
emgppp,4096,10.876585006713867,0.993103448275862,417551000.0
256
emgpppp,4096,10.738558530807495,0.958041958041958,519070000.00000006
256
emgppppp,4096,7.3863091468811035,0.9603960396039604,520011999.99999994
256
emgp,10240,36.14681625366211,0.9936708860759493,496449000.0
256
emgpp,10240,34.39405393600464,0.9527027027027027,515676000.00000006
256
emgppp,10240,33.92136549949646,1.0,546469000.0
256
emgpppp,10240,31.919240713119507,0.965034965034965,524308999.99999994
256
emgppppp,10240,23.5649151802063,0.9900990099009901,534488000.00000006
256
emgp,64,0.44631195068359375,0.8291139240506329,298066000.0
256
emgpp,64,0.41677260398864746,0.6959459459459459,294398000.0
256
emgppp,64,0.41449975967407227,0.8689655172413793,291773000.0
256
emgpppp,64,0.40789008140563965,0.9090909090909091,297910000.0
256
emgppppp,64,0.29321718215942383,0.7623762376237624,287770000.0
256
emgp,128,0.6030080318450928,0.9367088607594937,301832000.0
256
emgpp,128,0.5615315437316895,0.8783783783783784,300730000.0
256
emgppp,128,0.5431935787200928,0.903448275862069,303461000.0
256
emgpppp,128,0.5400228500366211,0.8881118881118881,294188000.0
256
emgppppp,128,0.3820018768310547,0.7920792079207921,301312000.0
256
emgp,512,1.5466909408569336,0.9683544303797469,311109000.0
256
emgpp,512,1.4740550518035889,0.9594594594594594,309129000.0
256
emgppp,512,1.4025969505310059,0.993103448275862,310691000.0
256
emgpppp,512,1.3945868015289307,0.8671328671328671,308637000.0
256
emgppppp,512,0.9853930473327637,0.9405940594059405,316758000.0
256
emgp,1024,3.2457597255706787,0.9810126582278481,339207000.0
256
emgpp,1024,3.0048160552978516,0.9459459459459459,354773000.0
256
emgppp,1024,2.9728639125823975,0.993103448275862,326805000.0
256
emgpppp,1024,2.927253246307373,0.951048951048951,323051000.0
256
emgppppp,1024,2.079204797744751,0.9504950495049505,347219000.0
256
emgp,4096,11.779202222824097,0.9746835443037974,487547000.0
256
emgpp,4096,11.327047348022461,0.9594594594594594,519191000.00000006
256
emgppp,4096,10.607822895050049,0.993103448275862,494688000.0
256
emgpppp,4096,10.818816423416138,0.9370629370629371,527238000.00000006
256
emgppppp,4096,7.3999433517456055,0.9900990099009901,499777000.0
256
emgp,10240,36.674283504486084,0.9936708860759493,569160000.0
256
emgpp,10240,33.13578248023987,0.9527027027027027,551188000.0
256
emgppp,10240,32.80013823509216,0.9862068965517241,558660000.0
256
emgpppp,10240,32.17694067955017,0.9440559440559441,576641000.0
256
emgppppp,10240,23.49847149848938,0.9702970297029703,547262000.0
voicehd,64,3.6698861122131348,0.421424001455307,372465000.0
voicehd,128,4.147716760635376,0.511225163936615,372637000.0
voicehd,512,8.861548662185669,0.7370108962059021,370586000.0
voicehd,1024,15.636034488677979,0.8165490627288818,372418000.0
voicehd,4096,49.09925818443298,0.8370750546455383,451246000.0
voicehd,10240,126.35417747497559,0.8473380208015442,542105000.0
voicehd,64,3.697483777999878,0.3938422203063965,370680000.0
voicehd,128,4.2195143699646,0.5279024839401245,371035000.0
voicehd,512,8.597866535186768,0.7620269656181335,372641000.0
voicehd,1024,15.731971263885498,0.8088518381118774,371730000.0
voicehd,4096,49.330621004104614,0.8447722792625427,420289000.0
voicehd,10240,123.18408846855164,0.8543938398361206,544168000.0
voicehd,64,3.711648464202881,0.40731239318847656,372582000.0
voicehd,128,4.132399797439575,0.5599743127822876,370387000.0
voicehd,512,8.612323760986328,0.7774214148521423,372277000.0
voicehd,1024,15.545281887054443,0.806286096572876,373055000.0
voicehd,4096,49.73547339439392,0.8447722792625427,420848000.0
voicehd,10240,123.6722481250763,0.843489408493042,556125000.0
voicehd,64,3.6758511066436768,0.36305323243141174,370371000.0
voicehd,128,4.196568012237549,0.5323925614356995,372473000.0
voicehd,512,8.696764945983887,0.7524054050445557,371180000.0
voicehd,1024,15.79467511177063,0.8101347088813782,372488000.0
voicehd,4096,49.563387393951416,0.8595253229141235,422418000.0
voicehd,10240,127.1148362159729,0.8505452275276184,566152000.0
voicehd,64,3.644237995147705,0.391917884349823,371234000.0
voicehd,128,4.120964765548706,0.5285439491271973,374305000.0
voicehd,512,8.668530464172363,0.7568954229354858,385160000.0
voicehd,1024,15.470324516296387,0.7985888123512268,382125000.0
voicehd,4096,49.092613220214844,0.8460551500320435,431535000.0
voicehd,10240,131.78086686134338,0.8460551500320435,566359000.0
mnist,64,41.10785675048828,4.554,356695000.0
mnist,128,46.303691148757935,6.291,349934000.0
mnist,512,99.89325714111328,7.608,363469000.0
mnist,1024,175.73939728736877,7.897,377773000.0
mnist,4096,552.0243816375732,8.19,512375000.0
mnist,10240,1770.7543649673462,8.265,598844000.0
mnist,64,41.51340961456299,4.98,348145000.0
mnist,128,47.47393536567688,5.359,349707000.0
mnist,512,100.32122778892517,7.738,361320000.0
mnist,1024,181.01468634605408,7.766,384984000.0
mnist,4096,537.3336079120636,8.224,449922000.0
mnist,10240,1258.0851242542267,8.263,661961000.0
mnist,64,42.47651481628418,4.682,348793000.0
mnist,128,47.94150257110596,5.993,351145000.0
mnist,512,100.04370284080505,7.588,365422000.0
mnist,1024,181.34725713729858,7.845,390820000.0
mnist,4096,535.7830781936646,8.209,465848000.0
mnist,10240,1266.40048122406,8.295,569270000.0
mnist,64,41.712249994277954,4.586,348160000.0
mnist,128,48.0424530506134,5.922,350023000.0
mnist,512,100.50592350959778,7.626,363852000.0
mnist,1024,178.32506108283997,7.867,382090000.0
mnist,4096,532.8122825622559,8.206,449625000.0
mnist,10240,1830.0847623348236,8.28,600566000.0
mnist,64,41.266831159591675,4.876,348363000.0
mnist,128,47.80516195297241,5.77,349922000.0
mnist,512,100.8704764842987,7.613,359664000.0
mnist,1024,178.97501015663147,7.997,387332000.0
mnist,4096,548.6058437824249,8.135,437453000.0
mnist,10240,1840.4643154144287,8.313,637891000.0
